,answer,first,second
0,11,3,8
1,3,2,1
2,1,1,0
3,9,5,4
4,0,0,0
5,13,7,6
6,16,8,8
7,5,2,3
8,8,0,8
9,12,5,7
10,10,2,8
11,12,3,9
12,2,2,0
13,8,7,1
14,8,7,1
15,0,0,0
16,16,7,9
17,7,1,6
18,6,1,5
19,12,3,9
20,12,6,6
21,12,7,5
22,8,4,4
23,1,1,0
24,14,6,8
25,8,1,7
26,4,3,1
27,14,7,7
28,9,0,9
29,13,8,5
30,12,7,5
31,15,9,6
32,6,0,6
33,7,5,2
34,13,8,5
35,1,1,0
36,12,4,8
37,1,0,1
38,13,5,8
39,5,1,4
40,9,3,6
41,15,8,7
42,4,3,1
43,18,9,9
44,10,6,4
45,7,0,7
46,8,7,1
47,15,9,6
48,7,6,1
49,10,8,2
50,10,8,2
51,16,7,9
52,5,5,0
53,4,1,3
54,10,8,2
55,6,3,3
56,6,6,0
57,9,6,3
58,6,2,4
59,3,2,1
60,14,6,8
61,7,1,6
62,5,4,1
63,2,0,2
64,9,1,8
65,15,6,9
66,10,9,1
67,9,2,7
68,15,9,6
69,7,1,6
70,10,7,3
71,13,4,9
72,4,1,3
73,10,1,9
74,6,3,3
75,13,6,7
76,11,6,5
77,7,2,5
78,3,0,3
79,3,1,2
80,9,3,6
81,10,9,1
82,7,1,6
83,9,4,5
84,10,7,3
85,7,6,1
86,8,5,3
87,3,1,2
88,4,1,3
89,11,6,5
90,4,3,1
91,2,1,1
92,12,9,3
93,6,2,4
94,8,0,8
95,14,9,5
96,16,9,7
97,9,5,4
98,8,1,7
99,2,2,0
100,18,9,9
101,8,6,2
102,11,2,9
103,9,2,7
104,10,3,7
105,7,5,2
106,9,0,9
107,10,5,5
108,9,5,4
109,14,9,5
110,14,6,8
111,1,0,1
112,9,6,3
113,8,6,2
114,8,5,3
115,5,0,5
116,5,2,3
117,7,6,1
118,16,9,7
119,7,7,0
120,13,4,9
121,5,0,5
122,9,2,7
123,5,3,2
124,8,4,4
125,5,1,4
126,14,7,7
127,11,4,7
128,15,7,8
129,14,9,5
130,15,6,9
131,10,3,7
132,13,5,8
133,7,7,0
134,14,5,9
135,3,0,3
136,2,2,0
137,9,9,0
138,7,0,7
139,16,9,7
140,9,5,4
141,4,2,2
142,15,8,7
143,10,6,4
144,6,6,0
145,3,2,1
146,8,2,6
147,8,8,0
148,15,9,6
149,7,1,6
150,9,7,2
151,10,1,9
152,8,6,2
153,5,4,1
154,2,2,0
155,1,0,1
156,10,5,5
157,11,2,9
158,9,4,5
159,11,9,2
160,7,7,0
161,8,0,8
162,16,8,8
163,7,0,7
164,14,7,7
165,11,5,6
166,13,8,5
167,8,3,5
168,12,6,6
169,11,9,2
170,7,2,5
171,11,5,6
172,4,3,1
173,10,1,9
174,14,8,6
175,9,3,6
176,6,6,0
177,7,7,0
178,13,9,4
179,1,0,1
180,7,3,4
181,4,1,3
182,2,1,1
183,2,2,0
184,11,6,5
185,14,9,5
186,16,7,9
187,8,6,2
188,9,8,1
189,9,8,1
190,6,0,6
191,6,4,2
192,13,8,5
193,9,6,3
194,11,6,5
195,7,2,5
196,12,3,9
197,10,6,4
198,11,8,3
199,13,6,7
200,9,8,1
201,2,2,0
202,9,1,8
203,8,3,5
204,7,4,3
205,11,2,9
206,14,6,8
207,13,6,7
208,10,2,8
209,6,1,5
210,7,7,0
211,2,2,0
212,8,5,3
213,13,7,6
214,10,4,6
215,10,4,6
216,11,8,3
217,16,7,9
218,6,1,5
219,12,4,8
220,13,8,5
221,8,3,5
222,7,4,3
223,6,1,5
224,4,0,4
225,12,7,5
226,7,4,3
227,5,0,5
228,12,4,8
229,3,0,3
230,6,4,2
231,5,1,4
232,8,6,2
233,14,9,5
234,9,1,8
235,2,2,0
236,17,8,9
237,7,0,7
238,12,3,9
239,3,1,2
240,10,5,5
241,6,4,2
242,10,5,5
243,6,4,2
244,6,1,5
245,9,9,0
246,16,8,8
247,3,1,2
248,13,7,6
249,7,2,5
250,9,1,8
251,14,5,9
252,6,1,5
253,9,9,0
254,7,3,4
255,10,5,5
256,15,8,7
257,1,1,0
258,7,0,7
259,6,6,0
260,9,8,1
261,13,4,9
262,11,7,4
263,15,7,8
264,1,0,1
265,6,2,4
266,4,2,2
267,11,3,8
268,10,1,9
269,6,6,0
270,10,2,8
271,9,3,6
272,11,7,4
273,8,6,2
274,4,4,0
275,9,0,9
276,15,9,6
277,7,1,6
278,12,4,8
279,9,8,1
280,10,8,2
281,2,2,0
282,11,3,8
283,7,1,6
284,14,9,5
285,9,6,3
286,14,7,7
287,10,3,7
288,6,4,2
289,13,9,4
290,8,8,0
291,7,1,6
292,13,9,4
293,7,7,0
294,9,8,1
295,11,9,2
296,8,8,0
297,16,9,7
298,12,8,4
299,8,2,6
300,10,8,2
301,11,7,4
302,7,7,0
303,12,8,4
304,5,5,0
305,10,3,7
306,5,0,5
307,8,0,8
308,13,5,8
309,10,3,7
310,12,5,7
311,14,5,9
312,2,2,0
313,14,9,5
314,6,0,6
315,7,3,4
316,7,3,4
317,7,3,4
318,12,3,9
319,15,6,9
320,8,3,5
321,3,3,0
322,13,5,8
323,4,2,2
324,1,1,0
325,8,4,4
326,12,7,5
327,12,8,4
328,9,9,0
329,17,9,8
330,6,2,4
331,10,1,9
332,10,4,6
333,4,4,0
334,11,6,5
335,12,3,9
336,8,3,5
337,8,1,7
338,8,0,8
339,4,2,2
340,2,0,2
341,6,1,5
342,12,8,4
343,4,3,1
344,9,0,9
345,14,9,5
346,4,0,4
347,11,9,2
348,1,0,1
349,3,3,0
350,12,6,6
351,14,7,7
352,8,4,4
353,11,3,8
354,11,7,4
355,9,3,6
356,9,5,4
357,13,9,4
358,7,7,0
359,8,8,0
360,11,4,7
361,8,5,3
362,13,9,4
363,17,8,9
364,13,5,8
365,2,1,1
366,16,9,7
367,8,0,8
368,4,4,0
369,10,1,9
370,12,4,8
371,12,8,4
372,7,7,0
373,10,6,4
374,11,3,8
375,8,0,8
376,8,5,3
377,6,1,5
378,9,9,0
379,13,8,5
380,6,6,0
381,4,3,1
382,10,9,1
383,0,0,0
384,7,0,7
385,11,7,4
386,10,9,1
387,10,4,6
388,14,6,8
389,9,6,3
390,12,8,4
391,13,8,5
392,8,0,8
393,6,3,3
394,9,1,8
395,4,0,4
396,7,0,7
397,6,6,0
398,8,3,5
399,7,3,4
400,4,1,3
401,16,7,9
402,7,1,6
403,8,0,8
404,3,1,2
405,4,0,4
406,10,6,4
407,11,9,2
408,8,6,2
409,6,3,3
410,12,4,8
411,11,2,9
412,9,0,9
413,10,3,7
414,7,4,3
415,9,8,1
416,8,5,3
417,3,2,1
418,12,7,5
419,9,3,6
420,10,5,5
421,10,8,2
422,6,6,0
423,3,3,0
424,5,4,1
425,12,4,8
426,2,0,2
427,10,5,5
428,3,0,3
429,10,6,4
430,15,8,7
431,2,0,2
432,12,8,4
433,12,4,8
434,7,0,7
435,7,0,7
436,6,5,1
437,14,5,9
438,2,0,2
439,9,9,0
440,4,2,2
441,13,6,7
442,12,6,6
443,10,8,2
444,3,2,1
445,10,6,4
446,15,8,7
447,11,6,5
448,16,8,8
449,16,8,8
450,3,2,1
451,3,3,0
452,14,8,6
453,18,9,9
454,14,5,9
455,12,4,8
456,14,6,8
457,13,4,9
458,12,8,4
459,8,5,3
460,15,8,7
461,9,7,2
462,6,2,4
463,0,0,0
464,11,2,9
465,10,7,3
466,6,3,3
467,11,9,2
468,14,9,5
469,9,2,7
470,8,2,6
471,6,6,0
472,5,5,0
473,8,3,5
474,8,3,5
475,9,5,4
476,8,8,0
477,6,1,5
478,18,9,9
479,5,4,1
480,9,8,1
481,9,4,5
482,9,4,5
483,13,4,9
484,11,8,3
485,16,7,9
486,10,7,3
487,8,2,6
488,13,7,6
489,10,8,2
490,6,5,1
491,14,7,7
492,1,1,0
493,17,8,9
494,11,2,9
495,6,5,1
496,7,0,7
497,10,6,4
498,6,5,1
499,10,6,4
500,18,9,9
501,9,6,3
502,13,5,8
503,15,9,6
504,7,6,1
505,16,9,7
506,4,4,0
507,12,5,7
508,10,7,3
509,3,0,3
510,7,0,7
511,8,4,4
512,11,5,6
513,7,0,7
514,4,4,0
515,8,2,6
516,7,5,2
517,11,2,9
518,16,7,9
519,8,8,0
520,10,3,7
521,8,7,1
522,5,5,0
523,8,7,1
524,5,0,5
525,13,5,8
526,4,2,2
527,3,3,0
528,6,3,3
529,9,1,8
530,9,9,0
531,8,3,5
532,11,2,9
533,9,8,1
534,14,6,8
535,6,1,5
536,0,0,0
537,2,0,2
538,0,0,0
539,14,8,6
540,11,5,6
541,8,1,7
542,13,6,7
543,13,8,5
544,11,3,8
545,10,5,5
546,12,6,6
547,10,7,3
548,7,7,0
549,17,9,8
550,6,2,4
551,6,4,2
552,11,7,4
553,12,5,7
554,7,2,5
555,17,9,8
556,11,9,2
557,1,1,0
558,14,6,8
559,4,0,4
560,5,5,0
561,1,0,1
562,6,1,5
563,8,3,5
564,4,0,4
565,12,7,5
566,14,5,9
567,7,3,4
568,15,9,6
569,11,3,8
570,6,0,6
571,14,7,7
572,14,7,7
573,10,6,4
574,3,1,2
575,13,8,5
576,9,8,1
577,6,4,2
578,4,0,4
579,8,0,8
580,10,5,5
581,9,2,7
582,5,3,2
583,15,7,8
584,12,5,7
585,3,3,0
586,8,7,1
587,8,7,1
588,3,0,3
589,9,8,1
590,13,8,5
591,8,0,8
592,4,2,2
593,17,9,8
594,10,4,6
595,15,7,8
596,4,1,3
597,13,6,7
598,11,3,8
599,9,7,2
600,13,8,5
601,7,7,0
602,9,9,0
603,13,6,7
604,16,8,8
605,10,5,5
606,0,0,0
607,5,3,2
608,4,4,0
609,12,8,4
610,4,1,3
611,12,6,6
612,15,9,6
613,6,3,3
614,11,7,4
615,7,3,4
616,16,7,9
617,12,9,3
618,15,7,8
619,12,4,8
620,12,8,4
621,10,6,4
622,16,7,9
623,7,5,2
624,6,0,6
625,12,5,7
626,9,5,4
627,6,2,4
628,12,9,3
629,4,1,3
630,2,1,1
631,15,8,7
632,9,1,8
633,5,4,1
634,13,6,7
635,3,0,3
636,10,3,7
637,14,9,5
638,10,3,7
639,13,7,6
640,11,4,7
641,12,5,7
642,2,0,2
643,12,8,4
644,8,0,8
645,11,6,5
646,12,8,4
647,11,5,6
648,6,6,0
649,6,0,6
650,9,1,8
651,7,2,5
652,8,3,5
653,12,5,7
654,10,1,9
655,16,8,8
656,9,3,6
657,6,1,5
658,13,4,9
659,11,8,3
660,16,9,7
661,18,9,9
662,9,5,4
663,13,5,8
664,12,5,7
665,12,3,9
666,9,7,2
667,0,0,0
668,11,7,4
669,17,8,9
670,2,1,1
671,5,5,0
672,6,3,3
673,16,9,7
674,13,4,9
675,6,5,1
676,6,5,1
677,3,3,0
678,0,0,0
679,9,0,9
680,10,9,1
681,14,7,7
682,13,8,5
683,11,3,8
684,4,3,1
685,15,8,7
686,5,4,1
687,8,5,3
688,5,4,1
689,11,6,5
690,9,6,3
691,5,3,2
692,15,8,7
693,9,7,2
694,12,4,8
695,5,3,2
696,5,3,2
697,10,9,1
698,8,6,2
699,1,0,1
700,11,2,9
701,17,9,8
702,7,2,5
703,10,9,1
704,2,0,2
705,13,9,4
706,8,1,7
707,9,2,7
708,6,5,1
709,13,6,7
710,4,0,4
711,1,1,0
712,8,1,7
713,2,0,2
714,17,9,8
715,10,4,6
716,11,2,9
717,10,7,3
718,7,7,0
719,14,6,8
720,6,0,6
721,0,0,0
722,8,4,4
723,4,4,0
724,14,6,8
725,5,5,0
726,6,4,2
727,6,1,5
728,14,7,7
729,12,3,9
730,14,9,5
731,7,5,2
732,6,1,5
733,9,7,2
734,6,5,1
735,15,6,9
736,5,4,1
737,6,5,1
738,10,6,4
739,11,2,9
740,11,3,8
741,3,3,0
742,11,6,5
743,12,9,3
744,13,6,7
745,11,9,2
746,4,2,2
747,16,8,8
748,4,0,4
749,8,1,7
750,7,7,0
751,3,3,0
752,8,0,8
753,5,3,2
754,10,8,2
755,13,9,4
756,10,2,8
757,8,8,0
758,7,3,4
759,15,9,6
760,12,6,6
761,8,0,8
762,9,5,4
763,8,4,4
764,6,2,4
765,9,4,5
766,11,5,6
767,13,7,6
768,10,7,3
769,4,1,3
770,10,7,3
771,8,5,3
772,8,2,6
773,14,8,6
774,9,6,3
775,14,6,8
776,8,6,2
777,5,2,3
778,14,7,7
779,5,1,4
780,4,2,2
781,9,2,7
782,3,0,3
783,12,7,5
784,13,9,4
785,8,1,7
786,13,5,8
787,17,8,9
788,6,4,2
789,5,5,0
790,5,5,0
791,7,0,7
792,9,1,8
793,8,1,7
794,16,7,9
795,11,2,9
796,10,2,8
797,4,1,3
798,12,9,3
799,9,8,1
800,11,6,5
801,6,3,3
802,9,5,4
803,7,0,7
804,9,5,4
805,4,2,2
806,7,7,0
807,7,4,3
808,8,0,8
809,9,8,1
810,7,0,7
811,12,6,6
812,9,4,5
813,14,9,5
814,18,9,9
815,9,5,4
816,13,9,4
817,5,0,5
818,14,5,9
819,17,8,9
820,14,8,6
821,10,7,3
822,14,9,5
823,7,4,3
824,9,5,4
825,15,9,6
826,6,4,2
827,3,2,1
828,12,6,6
829,12,6,6
830,8,0,8
831,10,8,2
832,7,6,1
833,7,5,2
834,10,8,2
835,12,9,3
836,8,7,1
837,16,7,9
838,8,1,7
839,14,8,6
840,7,3,4
841,9,8,1
842,12,6,6
843,17,9,8
844,5,5,0
845,2,2,0
846,16,8,8
847,9,9,0
848,8,4,4
849,3,1,2
850,7,2,5
851,8,4,4
852,11,4,7
853,7,2,5
854,8,6,2
855,9,6,3
856,12,4,8
857,2,2,0
858,12,3,9
859,8,3,5
860,8,8,0
861,13,5,8
862,12,7,5
863,8,4,4
864,16,8,8
865,8,6,2
866,13,6,7
867,9,9,0
868,13,4,9
869,12,6,6
870,15,6,9
871,12,5,7
872,8,3,5
873,8,0,8
874,8,8,0
875,11,4,7
876,8,8,0
877,7,7,0
878,5,5,0
879,12,6,6
880,11,7,4
881,4,0,4
882,4,4,0
883,9,2,7
884,11,7,4
885,13,9,4
886,14,5,9
887,6,3,3
888,10,1,9
889,14,7,7
890,11,6,5
891,8,0,8
892,16,8,8
893,11,9,2
894,8,6,2
895,5,0,5
896,9,3,6
897,9,5,4
898,7,5,2
899,15,8,7
900,8,0,8
901,17,8,9
902,10,4,6
903,11,2,9
904,8,7,1
905,9,4,5
906,15,6,9
907,8,3,5
908,13,4,9
909,13,5,8
910,5,2,3
911,6,0,6
912,5,3,2
913,11,6,5
914,9,8,1
915,9,3,6
916,8,3,5
917,6,4,2
918,10,4,6
919,14,6,8
920,10,9,1
921,15,6,9
922,7,1,6
923,13,6,7
924,9,5,4
925,1,1,0
926,9,2,7
927,11,8,3
928,3,2,1
929,7,4,3
930,7,2,5
931,7,1,6
932,6,0,6
933,18,9,9
934,8,8,0
935,11,7,4
936,13,7,6
937,7,2,5
938,13,8,5
939,1,1,0
940,9,6,3
941,1,0,1
942,16,7,9
943,6,6,0
944,15,8,7
945,16,8,8
946,11,8,3
947,12,6,6
948,8,6,2
949,18,9,9
950,11,3,8
951,13,7,6
952,15,6,9
953,6,3,3
954,0,0,0
955,7,6,1
956,4,3,1
957,2,0,2
958,10,8,2
959,7,2,5
960,8,3,5
961,14,5,9
962,9,0,9
963,8,6,2
964,14,6,8
965,9,2,7
966,6,4,2
967,7,7,0
968,5,1,4
969,11,5,6
970,5,2,3
971,4,2,2
972,8,2,6
973,15,9,6
974,9,7,2
975,14,7,7
976,12,6,6
977,6,0,6
978,10,5,5
979,7,5,2
980,9,8,1
981,6,0,6
982,5,0,5
983,11,6,5
984,8,7,1
985,6,1,5
986,4,2,2
987,10,3,7
988,8,0,8
989,14,5,9
990,4,0,4
991,9,5,4
992,5,5,0
993,9,8,1
994,5,4,1
995,10,9,1
996,5,0,5
997,14,6,8
998,1,1,0
999,5,5,0
1000,11,2,9
1001,13,8,5
1002,3,3,0
1003,2,2,0
1004,11,2,9
1005,8,3,5
1006,8,7,1
1007,10,6,4
1008,16,7,9
1009,11,8,3
1010,5,2,3
1011,11,4,7
1012,1,0,1
1013,2,2,0
1014,6,0,6
1015,14,7,7
1016,7,2,5
1017,5,5,0
1018,11,5,6
1019,17,8,9
1020,9,9,0
1021,4,2,2
1022,7,2,5
1023,12,8,4
1024,17,9,8
1025,7,2,5
1026,9,1,8
1027,17,9,8
1028,10,4,6
1029,5,3,2
1030,9,0,9
1031,13,4,9
1032,3,3,0
1033,11,5,6
1034,6,5,1
1035,9,9,0
1036,2,1,1
1037,12,6,6
1038,14,8,6
1039,16,9,7
1040,5,5,0
1041,12,7,5
1042,6,1,5
1043,1,1,0
1044,12,4,8
1045,8,2,6
1046,10,3,7
1047,7,6,1
1048,2,1,1
1049,8,7,1
1050,13,8,5
1051,9,2,7
1052,13,8,5
1053,6,0,6
1054,4,0,4
1055,15,9,6
1056,9,8,1
1057,6,6,0
1058,9,7,2
1059,1,1,0
1060,14,8,6
1061,12,4,8
1062,6,4,2
1063,6,4,2
1064,16,7,9
1065,10,3,7
1066,2,2,0
1067,9,5,4
1068,7,6,1
1069,17,8,9
1070,6,1,5
1071,16,8,8
1072,2,1,1
1073,6,5,1
1074,9,5,4
1075,13,6,7
1076,3,3,0
1077,11,5,6
1078,11,8,3
1079,8,4,4
1080,7,1,6
1081,1,0,1
1082,10,3,7
1083,13,6,7
1084,8,7,1
1085,13,8,5
1086,7,0,7
1087,8,5,3
1088,3,3,0
1089,13,4,9
1090,2,1,1
1091,11,5,6
1092,3,2,1
1093,10,8,2
1094,4,3,1
1095,6,4,2
1096,6,4,2
1097,8,0,8
1098,2,1,1
1099,6,3,3
1100,14,6,8
1101,9,4,5
1102,7,0,7
1103,4,1,3
1104,5,2,3
1105,6,4,2
1106,3,1,2
1107,5,5,0
1108,13,8,5
1109,11,2,9
1110,9,8,1
1111,6,1,5
1112,16,7,9
1113,7,5,2
1114,1,1,0
1115,12,8,4
1116,11,5,6
1117,10,1,9
1118,4,2,2
1119,6,3,3
1120,6,5,1
1121,5,5,0
1122,11,4,7
1123,6,5,1
1124,14,7,7
1125,16,8,8
1126,1,0,1
1127,2,2,0
1128,18,9,9
1129,7,2,5
1130,3,2,1
1131,17,8,9
1132,7,1,6
1133,16,9,7
1134,10,9,1
1135,6,5,1
1136,10,3,7
1137,7,6,1
1138,11,7,4
1139,14,5,9
1140,17,8,9
1141,3,2,1
1142,14,5,9
1143,8,6,2
1144,8,0,8
1145,9,6,3
1146,13,7,6
1147,4,4,0
1148,7,7,0
1149,5,0,5
1150,14,9,5
1151,4,3,1
1152,16,7,9
1153,7,6,1
1154,12,9,3
1155,15,6,9
1156,8,7,1
1157,9,1,8
1158,16,7,9
1159,14,5,9
1160,16,8,8
1161,6,1,5
1162,8,6,2
1163,12,8,4
1164,6,4,2
1165,4,4,0
1166,8,8,0
1167,15,7,8
1168,7,0,7
1169,0,0,0
1170,9,5,4
1171,12,4,8
1172,6,5,1
1173,12,9,3
1174,14,5,9
1175,12,9,3
1176,11,9,2
1177,14,8,6
1178,7,3,4
1179,12,3,9
1180,2,1,1
1181,9,4,5
1182,11,2,9
1183,12,8,4
1184,4,2,2
1185,1,1,0
1186,12,5,7
1187,8,4,4
1188,15,9,6
1189,11,6,5
1190,9,9,0
1191,11,2,9
1192,11,3,8
1193,15,8,7
1194,12,5,7
1195,16,7,9
1196,6,2,4
1197,4,4,0
1198,5,2,3
1199,12,9,3
1200,15,9,6
1201,13,7,6
1202,7,3,4
1203,10,1,9
1204,12,6,6
1205,2,2,0
1206,11,2,9
1207,2,2,0
1208,10,2,8
1209,6,6,0
1210,9,6,3
1211,8,0,8
1212,9,0,9
1213,9,3,6
1214,2,2,0
1215,8,8,0
1216,7,5,2
1217,8,6,2
1218,11,7,4
1219,12,3,9
1220,8,0,8
1221,12,5,7
1222,7,7,0
1223,15,8,7
1224,11,8,3
1225,11,3,8
1226,4,1,3
1227,18,9,9
1228,9,4,5
1229,13,5,8
1230,15,6,9
1231,13,5,8
1232,5,0,5
1233,4,1,3
1234,15,9,6
1235,9,7,2
1236,10,8,2
1237,9,3,6
1238,11,9,2
1239,7,6,1
1240,10,2,8
1241,13,8,5
1242,10,6,4
1243,14,7,7
1244,14,5,9
1245,12,4,8
1246,10,6,4
1247,12,3,9
1248,10,8,2
1249,7,3,4
1250,15,8,7
1251,11,7,4
1252,13,8,5
1253,15,6,9
1254,7,7,0
1255,11,4,7
1256,11,2,9
1257,16,7,9
1258,15,6,9
1259,9,0,9
1260,6,1,5
1261,9,1,8
1262,16,8,8
1263,12,9,3
1264,14,9,5
1265,13,7,6
1266,12,6,6
1267,3,2,1
1268,7,0,7
1269,8,8,0
1270,7,4,3
1271,13,9,4
1272,3,2,1
1273,5,5,0
1274,18,9,9
1275,10,8,2
1276,5,5,0
1277,10,5,5
1278,2,0,2
1279,16,7,9
1280,6,4,2
1281,9,7,2
1282,12,5,7
1283,0,0,0
1284,9,8,1
1285,2,0,2
1286,7,2,5
1287,10,1,9
1288,10,8,2
1289,8,8,0
1290,14,5,9
1291,8,1,7
1292,8,0,8
1293,7,2,5
1294,9,7,2
1295,6,4,2
1296,9,9,0
1297,14,9,5
1298,4,1,3
1299,14,7,7
1300,9,4,5
1301,1,1,0
1302,6,0,6
1303,15,8,7
1304,12,8,4
1305,6,5,1
1306,12,6,6
1307,15,8,7
1308,12,7,5
1309,7,3,4
1310,9,4,5
1311,16,8,8
1312,16,8,8
1313,14,9,5
1314,7,1,6
1315,14,7,7
1316,8,4,4
1317,6,1,5
1318,4,4,0
1319,5,5,0
1320,8,5,3
1321,11,5,6
1322,10,9,1
1323,9,5,4
1324,10,7,3
1325,6,4,2
1326,17,9,8
1327,4,0,4
1328,7,2,5
1329,10,3,7
1330,4,4,0
1331,8,0,8
1332,14,8,6
1333,15,7,8
1334,10,6,4
1335,12,7,5
1336,4,0,4
1337,12,5,7
1338,3,1,2
1339,11,4,7
1340,6,0,6
1341,7,5,2
1342,9,9,0
1343,8,6,2
1344,12,5,7
1345,9,9,0
1346,8,8,0
1347,11,8,3
1348,17,8,9
1349,5,3,2
1350,13,9,4
1351,6,2,4
1352,10,6,4
1353,13,6,7
1354,9,4,5
1355,15,6,9
1356,10,8,2
1357,10,8,2
1358,9,1,8
1359,4,4,0
1360,7,5,2
1361,10,2,8
1362,17,9,8
1363,10,5,5
1364,9,5,4
1365,5,1,4
1366,11,6,5
1367,14,5,9
1368,11,2,9
1369,6,5,1
1370,6,1,5
1371,9,7,2
1372,12,9,3
1373,7,6,1
1374,11,4,7
1375,6,0,6
1376,18,9,9
1377,2,2,0
1378,7,4,3
1379,17,8,9
1380,12,8,4
1381,9,8,1
1382,9,4,5
1383,11,2,9
1384,5,5,0
1385,11,4,7
1386,5,4,1
1387,6,1,5
1388,4,1,3
1389,7,4,3
1390,7,6,1
1391,18,9,9
1392,7,6,1
1393,10,5,5
1394,10,5,5
1395,7,1,6
1396,13,6,7
1397,13,5,8
1398,4,1,3
1399,11,4,7
1400,11,6,5
1401,9,5,4
1402,5,0,5
1403,11,8,3
1404,6,2,4
1405,4,1,3
1406,10,7,3
1407,8,1,7
1408,12,7,5
1409,13,4,9
1410,9,5,4
1411,14,9,5
1412,11,2,9
1413,16,7,9
1414,2,0,2
1415,11,4,7
1416,14,8,6
1417,8,5,3
1418,7,3,4
1419,16,7,9
1420,7,5,2
1421,8,8,0
1422,9,4,5
1423,12,6,6
1424,6,1,5
1425,11,4,7
1426,5,4,1
1427,2,1,1
1428,9,9,0
1429,14,6,8
1430,12,4,8
1431,8,4,4
1432,13,7,6
1433,9,1,8
1434,6,4,2
1435,3,2,1
1436,5,4,1
1437,9,1,8
1438,5,2,3
1439,5,5,0
1440,10,4,6
1441,11,5,6
1442,5,1,4
1443,10,5,5
1444,10,1,9
1445,15,8,7
1446,16,8,8
1447,16,8,8
1448,7,3,4
1449,12,9,3
1450,13,4,9
1451,5,4,1
1452,15,7,8
1453,16,9,7
1454,14,6,8
1455,4,4,0
1456,7,7,0
1457,13,7,6
1458,6,0,6
1459,10,8,2
1460,15,6,9
1461,6,5,1
1462,8,0,8
1463,5,0,5
1464,9,1,8
1465,9,6,3
1466,12,4,8
1467,11,7,4
1468,7,5,2
1469,13,6,7
1470,10,4,6
1471,7,5,2
1472,17,9,8
1473,2,0,2
1474,8,1,7
1475,12,6,6
1476,7,5,2
1477,3,0,3
1478,9,1,8
1479,13,8,5
1480,12,7,5
1481,9,6,3
1482,7,4,3
1483,3,1,2
1484,10,4,6
1485,12,4,8
1486,13,6,7
1487,13,8,5
1488,15,8,7
1489,5,5,0
1490,10,7,3
1491,7,6,1
1492,9,6,3
1493,16,7,9
1494,10,3,7
1495,10,7,3
1496,9,9,0
1497,8,0,8
1498,7,1,6
1499,12,9,3
1500,14,5,9
1501,8,6,2
1502,6,2,4
1503,15,7,8
1504,8,8,0
1505,11,9,2
1506,16,7,9
1507,9,8,1
1508,7,1,6
1509,12,8,4
1510,5,4,1
1511,1,0,1
1512,12,9,3
1513,6,1,5
1514,12,4,8
1515,2,2,0
1516,11,2,9
1517,12,6,6
1518,10,7,3
1519,8,6,2
1520,4,4,0
1521,5,0,5
1522,9,0,9
1523,9,8,1
1524,11,4,7
1525,3,2,1
1526,3,0,3
1527,13,7,6
1528,17,9,8
1529,4,0,4
1530,2,2,0
1531,6,1,5
1532,9,4,5
1533,6,6,0
1534,7,5,2
1535,11,9,2
1536,9,9,0
1537,3,3,0
1538,14,5,9
1539,8,7,1
1540,8,8,0
1541,6,6,0
1542,10,7,3
1543,8,4,4
1544,16,8,8
1545,5,3,2
1546,16,9,7
1547,6,0,6
1548,8,6,2
1549,3,3,0
1550,5,5,0
1551,12,6,6
1552,9,8,1
1553,3,1,2
1554,9,2,7
1555,6,2,4
1556,11,4,7
1557,11,5,6
1558,9,0,9
1559,6,4,2
1560,8,2,6
1561,9,1,8
1562,1,1,0
1563,13,4,9
1564,8,3,5
1565,5,3,2
1566,8,1,7
1567,8,7,1
1568,5,1,4
1569,7,5,2
1570,7,4,3
1571,9,5,4
1572,15,6,9
1573,16,8,8
1574,10,7,3
1575,8,7,1
1576,5,2,3
1577,11,2,9
1578,6,5,1
1579,10,7,3
1580,10,1,9
1581,2,2,0
1582,7,7,0
1583,10,5,5
1584,12,6,6
1585,11,9,2
1586,12,3,9
1587,4,1,3
1588,8,0,8
1589,7,2,5
1590,15,9,6
1591,12,9,3
1592,11,8,3
1593,1,0,1
1594,11,3,8
1595,14,8,6
1596,9,1,8
1597,8,7,1
1598,4,0,4
1599,18,9,9
1600,6,6,0
1601,11,4,7
1602,16,7,9
1603,14,9,5
1604,15,9,6
1605,15,8,7
1606,1,0,1
1607,7,6,1
1608,11,5,6
1609,12,6,6
1610,15,6,9
1611,13,9,4
1612,12,7,5
1613,10,7,3
1614,10,4,6
1615,4,4,0
1616,16,9,7
1617,8,0,8
1618,16,8,8
1619,11,4,7
1620,10,1,9
1621,10,8,2
1622,7,0,7
1623,10,2,8
1624,7,5,2
1625,2,2,0
1626,14,8,6
1627,7,0,7
1628,10,6,4
1629,0,0,0
1630,4,2,2
1631,8,0,8
1632,10,4,6
1633,16,7,9
1634,4,0,4
1635,3,3,0
1636,10,9,1
1637,9,2,7
1638,10,8,2
1639,10,3,7
1640,13,9,4
1641,14,8,6
1642,6,6,0
1643,7,0,7
1644,15,6,9
1645,3,1,2
1646,15,6,9
1647,8,3,5
1648,9,5,4
1649,9,8,1
1650,13,8,5
1651,12,9,3
1652,5,4,1
1653,9,6,3
1654,9,3,6
1655,8,8,0
1656,10,6,4
1657,11,4,7
1658,15,9,6
1659,5,0,5
1660,15,6,9
1661,10,9,1
1662,14,6,8
1663,10,2,8
1664,8,8,0
1665,15,7,8
1666,15,6,9
1667,6,5,1
1668,0,0,0
1669,5,4,1
1670,5,2,3
1671,3,0,3
1672,12,9,3
1673,10,6,4
1674,0,0,0
1675,8,6,2
1676,13,5,8
1677,8,2,6
1678,10,2,8
1679,12,3,9
1680,11,7,4
1681,8,0,8
1682,12,3,9
1683,3,2,1
1684,16,8,8
1685,3,0,3
1686,5,4,1
1687,2,0,2
1688,4,1,3
1689,6,6,0
1690,13,6,7
1691,10,8,2
1692,5,2,3
1693,15,7,8
1694,13,5,8
1695,8,3,5
1696,4,3,1
1697,8,0,8
1698,8,4,4
1699,13,4,9
1700,12,6,6
1701,13,8,5
1702,8,3,5
1703,10,2,8
1704,11,9,2
1705,5,0,5
1706,15,7,8
1707,9,4,5
1708,2,1,1
1709,14,6,8
1710,9,3,6
1711,8,7,1
1712,9,4,5
1713,9,2,7
1714,9,8,1
1715,5,2,3
1716,9,3,6
1717,10,2,8
1718,9,0,9
1719,1,1,0
1720,15,6,9
1721,13,6,7
1722,7,3,4
1723,5,4,1
1724,11,6,5
1725,16,8,8
1726,8,2,6
1727,10,8,2
1728,3,1,2
1729,9,5,4
1730,11,3,8
1731,15,7,8
1732,10,2,8
1733,8,2,6
1734,15,8,7
1735,2,2,0
1736,3,0,3
1737,6,5,1
1738,3,1,2
1739,13,9,4
1740,6,4,2
1741,10,6,4
1742,5,3,2
1743,15,7,8
1744,10,4,6
1745,17,8,9
1746,8,0,8
1747,11,7,4
1748,5,0,5
1749,12,7,5
1750,11,2,9
1751,5,2,3
1752,6,0,6
1753,10,2,8
1754,9,3,6
1755,7,2,5
1756,10,3,7
1757,15,7,8
1758,8,4,4
1759,8,7,1
1760,3,0,3
1761,15,8,7
1762,13,7,6
1763,9,5,4
1764,7,1,6
1765,12,3,9
1766,3,0,3
1767,12,8,4
1768,13,9,4
1769,7,2,5
1770,12,8,4
1771,4,2,2
1772,12,6,6
1773,17,8,9
1774,5,5,0
1775,4,2,2
1776,7,3,4
1777,7,1,6
1778,15,7,8
1779,16,7,9
1780,4,4,0
1781,0,0,0
1782,14,6,8
1783,9,7,2
1784,7,2,5
1785,15,8,7
1786,16,7,9
1787,1,1,0
1788,8,5,3
1789,7,4,3
1790,10,4,6
1791,9,0,9
1792,14,8,6
1793,10,8,2
1794,10,9,1
1795,13,4,9
1796,14,6,8
1797,7,0,7
1798,12,7,5
1799,3,3,0
1800,13,6,7
1801,11,8,3
1802,8,2,6
1803,2,0,2
1804,6,4,2
1805,13,8,5
1806,10,4,6
1807,8,4,4
1808,11,4,7
1809,11,9,2
1810,6,5,1
1811,8,5,3
1812,3,0,3
1813,1,1,0
1814,13,9,4
1815,7,3,4
1816,12,3,9
1817,4,3,1
1818,8,3,5
1819,10,9,1
1820,12,9,3
1821,10,2,8
1822,8,1,7
1823,6,0,6
1824,6,6,0
1825,15,9,6
1826,7,7,0
1827,11,7,4
1828,9,7,2
1829,5,3,2
1830,17,9,8
1831,4,0,4
1832,5,5,0
1833,5,1,4
1834,7,2,5
1835,2,2,0
1836,13,7,6
1837,7,7,0
1838,11,4,7
1839,9,4,5
1840,8,6,2
1841,13,9,4
1842,12,3,9
1843,2,1,1
1844,16,8,8
1845,10,2,8
1846,15,8,7
1847,7,1,6
1848,14,8,6
1849,12,4,8
1850,6,1,5
1851,2,2,0
1852,5,0,5
1853,14,5,9
1854,10,8,2
1855,9,1,8
1856,15,7,8
1857,6,4,2
1858,7,7,0
1859,11,6,5
1860,13,4,9
1861,14,7,7
1862,11,4,7
1863,7,4,3
1864,11,9,2
1865,11,8,3
1866,15,6,9
1867,6,1,5
1868,11,2,9
1869,6,1,5
1870,12,9,3
1871,11,2,9
1872,11,8,3
1873,12,8,4
1874,4,2,2
1875,7,4,3
1876,8,4,4
1877,6,6,0
1878,17,9,8
1879,7,6,1
1880,5,4,1
1881,2,0,2
1882,10,4,6
1883,10,9,1
1884,12,3,9
1885,15,8,7
1886,8,2,6
1887,11,2,9
1888,2,1,1
1889,16,9,7
1890,10,6,4
1891,7,4,3
1892,8,7,1
1893,17,9,8
1894,14,5,9
1895,8,8,0
1896,10,7,3
1897,2,0,2
1898,12,3,9
1899,5,1,4
1900,10,5,5
1901,2,1,1
1902,9,1,8
1903,8,4,4
1904,10,3,7
1905,0,0,0
1906,6,3,3
1907,10,4,6
1908,5,3,2
1909,12,3,9
1910,17,8,9
1911,17,8,9
1912,11,3,8
1913,14,8,6
1914,8,5,3
1915,4,0,4
1916,8,3,5
1917,2,2,0
1918,10,6,4
1919,11,8,3
1920,10,9,1
1921,6,4,2
1922,1,0,1
1923,17,9,8
1924,3,2,1
1925,10,6,4
1926,5,2,3
1927,11,7,4
1928,13,8,5
1929,7,2,5
1930,12,4,8
1931,8,7,1
1932,13,7,6
1933,9,3,6
1934,11,8,3
1935,8,4,4
1936,16,8,8
1937,7,0,7
1938,7,1,6
1939,2,0,2
1940,12,4,8
1941,15,6,9
1942,14,9,5
1943,12,7,5
1944,1,1,0
1945,4,2,2
1946,6,4,2
1947,7,7,0
1948,12,7,5
1949,7,2,5
1950,5,0,5
1951,9,0,9
1952,4,0,4
1953,11,2,9
1954,7,2,5
1955,15,6,9
1956,7,0,7
1957,2,1,1
1958,6,3,3
1959,9,5,4
1960,7,3,4
1961,9,6,3
1962,7,6,1
1963,4,4,0
1964,14,7,7
1965,8,5,3
1966,5,1,4
1967,6,2,4
1968,9,5,4
1969,16,7,9
1970,15,6,9
1971,16,9,7
1972,10,9,1
1973,7,2,5
1974,10,5,5
1975,15,7,8
1976,8,4,4
1977,14,9,5
1978,6,3,3
1979,3,3,0
1980,1,1,0
1981,17,9,8
1982,16,8,8
1983,8,5,3
1984,4,1,3
1985,4,3,1
1986,7,2,5
1987,12,3,9
1988,6,2,4
1989,13,5,8
1990,14,7,7
1991,14,7,7
1992,7,4,3
1993,5,5,0
1994,16,8,8
1995,6,2,4
1996,12,6,6
1997,4,4,0
1998,7,4,3
1999,6,0,6
2000,13,9,4
2001,16,9,7
2002,16,8,8
2003,16,9,7
2004,6,3,3
2005,5,1,4
2006,9,2,7
2007,4,1,3
2008,13,8,5
2009,6,6,0
2010,9,8,1
2011,9,8,1
2012,9,2,7
2013,13,4,9
2014,10,8,2
2015,2,1,1
2016,3,2,1
2017,10,1,9
2018,16,9,7
2019,0,0,0
2020,5,5,0
2021,7,3,4
2022,14,9,5
2023,17,8,9
2024,14,8,6
2025,6,1,5
2026,4,4,0
2027,8,8,0
2028,10,8,2
2029,11,4,7
2030,7,1,6
2031,11,5,6
2032,12,7,5
2033,7,4,3
2034,8,5,3
2035,10,4,6
2036,10,5,5
2037,3,1,2
2038,1,0,1
2039,14,8,6
2040,12,5,7
2041,6,0,6
2042,18,9,9
2043,3,1,2
2044,14,6,8
2045,10,1,9
2046,0,0,0
2047,3,3,0
2048,12,3,9
2049,10,6,4
2050,10,5,5
2051,10,8,2
2052,9,5,4
2053,7,7,0
2054,2,1,1
2055,10,7,3
2056,6,0,6
2057,2,1,1
2058,6,4,2
2059,11,8,3
2060,13,6,7
2061,5,5,0
2062,16,8,8
2063,11,3,8
2064,9,3,6
2065,9,8,1
2066,8,4,4
2067,3,2,1
2068,9,2,7
2069,6,3,3
2070,6,1,5
2071,7,0,7
2072,13,8,5
2073,10,7,3
2074,3,2,1
2075,13,9,4
2076,17,9,8
2077,11,2,9
2078,1,0,1
2079,12,5,7
2080,10,4,6
2081,4,4,0
2082,8,1,7
2083,13,8,5
2084,6,6,0
2085,15,7,8
2086,7,5,2
2087,7,2,5
2088,9,2,7
2089,15,6,9
2090,11,2,9
2091,6,5,1
2092,13,4,9
2093,14,7,7
2094,12,5,7
2095,9,8,1
2096,3,0,3
2097,6,2,4
2098,15,8,7
2099,4,0,4
2100,14,9,5
2101,8,5,3
2102,9,8,1
2103,9,5,4
2104,11,9,2
2105,16,9,7
2106,12,8,4
2107,8,4,4
2108,13,5,8
2109,8,0,8
2110,10,6,4
2111,7,3,4
2112,9,4,5
2113,8,3,5
2114,10,4,6
2115,10,4,6
2116,13,7,6
2117,11,2,9
2118,2,1,1
2119,9,9,0
2120,14,5,9
2121,2,1,1
2122,12,9,3
2123,12,9,3
2124,15,8,7
2125,16,8,8
2126,7,6,1
2127,8,5,3
2128,14,9,5
2129,6,5,1
2130,0,0,0
2131,7,2,5
2132,14,5,9
2133,3,1,2
2134,9,0,9
2135,11,9,2
2136,10,8,2
2137,14,7,7
2138,11,2,9
2139,14,9,5
2140,9,5,4
2141,9,3,6
2142,1,0,1
2143,6,4,2
2144,8,7,1
2145,8,5,3
2146,7,0,7
2147,15,7,8
2148,11,2,9
2149,9,1,8
2150,11,3,8
2151,8,0,8
2152,9,8,1
2153,9,2,7
2154,13,7,6
2155,10,5,5
2156,8,7,1
2157,8,6,2
2158,10,5,5
2159,2,2,0
2160,12,4,8
2161,1,1,0
2162,10,3,7
2163,6,6,0
2164,8,4,4
2165,12,8,4
2166,14,5,9
2167,16,7,9
2168,15,8,7
2169,9,4,5
2170,8,5,3
2171,9,7,2
2172,15,7,8
2173,10,4,6
2174,15,8,7
2175,8,0,8
2176,4,3,1
2177,8,4,4
2178,9,6,3
2179,6,0,6
2180,12,6,6
2181,2,2,0
2182,7,5,2
2183,2,0,2
2184,6,3,3
2185,3,3,0
2186,8,0,8
2187,3,0,3
2188,8,0,8
2189,8,1,7
2190,16,9,7
2191,7,4,3
2192,11,3,8
2193,9,5,4
2194,4,2,2
2195,10,7,3
2196,13,9,4
2197,7,0,7
2198,16,9,7
2199,12,6,6
2200,10,9,1
2201,14,9,5
2202,7,0,7
2203,7,3,4
2204,14,7,7
2205,2,2,0
2206,12,4,8
2207,12,6,6
2208,17,8,9
2209,7,7,0
2210,6,4,2
2211,10,6,4
2212,13,9,4
2213,8,2,6
2214,11,4,7
2215,12,5,7
2216,0,0,0
2217,2,2,0
2218,3,1,2
2219,10,6,4
2220,3,0,3
2221,10,2,8
2222,6,6,0
2223,2,1,1
2224,8,4,4
2225,4,2,2
2226,18,9,9
2227,5,0,5
2228,6,2,4
2229,10,1,9
2230,8,5,3
2231,9,6,3
2232,0,0,0
2233,8,2,6
2234,13,4,9
2235,0,0,0
2236,8,1,7
2237,18,9,9
2238,14,5,9
2239,11,7,4
2240,7,6,1
2241,8,0,8
2242,7,2,5
2243,8,5,3
2244,4,1,3
2245,16,8,8
2246,13,8,5
2247,9,3,6
2248,7,7,0
2249,14,6,8
2250,10,2,8
2251,9,7,2
2252,9,4,5
2253,7,6,1
2254,11,4,7
2255,7,6,1
2256,18,9,9
2257,9,7,2
2258,5,2,3
2259,4,4,0
2260,9,1,8
2261,6,0,6
2262,11,8,3
2263,15,8,7
2264,16,7,9
2265,15,7,8
2266,10,7,3
2267,11,7,4
2268,15,6,9
2269,2,1,1
2270,16,9,7
2271,8,6,2
2272,2,1,1
2273,6,0,6
2274,8,4,4
2275,12,3,9
2276,9,7,2
2277,9,8,1
2278,14,8,6
2279,8,4,4
2280,9,2,7
2281,11,7,4
2282,12,5,7
2283,5,5,0
2284,10,3,7
2285,8,8,0
2286,13,8,5
2287,11,2,9
2288,11,7,4
2289,4,4,0
2290,3,0,3
2291,3,1,2
2292,1,1,0
2293,11,4,7
2294,14,5,9
2295,4,1,3
2296,12,8,4
2297,12,4,8
2298,5,5,0
2299,9,3,6
2300,14,9,5
2301,5,4,1
2302,11,6,5
2303,3,2,1
2304,11,9,2
2305,3,3,0
2306,4,3,1
2307,10,7,3
2308,10,1,9
2309,5,4,1
2310,8,1,7
2311,11,2,9
2312,16,7,9
2313,8,2,6
2314,15,8,7
2315,7,6,1
2316,10,8,2
2317,11,5,6
2318,12,3,9
2319,3,3,0
2320,13,8,5
2321,17,9,8
2322,15,6,9
2323,6,3,3
2324,15,9,6
2325,6,0,6
2326,11,4,7
2327,12,9,3
2328,17,9,8
2329,12,8,4
2330,3,3,0
2331,12,4,8
2332,5,1,4
2333,15,7,8
2334,6,6,0
2335,18,9,9
2336,8,8,0
2337,16,8,8
2338,4,2,2
2339,5,1,4
2340,8,8,0
2341,3,3,0
2342,10,2,8
2343,11,2,9
2344,4,4,0
2345,7,5,2
2346,17,8,9
2347,12,6,6
2348,9,1,8
2349,3,3,0
2350,6,6,0
2351,12,5,7
2352,5,3,2
2353,17,8,9
2354,14,5,9
2355,11,9,2
2356,15,7,8
2357,10,8,2
2358,8,2,6
2359,4,3,1
2360,13,7,6
2361,13,5,8
2362,10,2,8
2363,7,7,0
2364,11,5,6
2365,11,9,2
2366,8,5,3
2367,9,1,8
2368,8,1,7
2369,8,2,6
2370,13,4,9
2371,10,2,8
2372,8,1,7
2373,4,4,0
2374,15,7,8
2375,14,7,7
2376,4,4,0
2377,13,9,4
2378,4,1,3
2379,8,3,5
2380,6,6,0
2381,8,6,2
2382,6,2,4
2383,13,6,7
2384,12,3,9
2385,9,4,5
2386,8,3,5
2387,13,8,5
2388,9,7,2
2389,9,1,8
2390,13,5,8
2391,8,7,1
2392,14,8,6
2393,10,2,8
2394,7,4,3
2395,0,0,0
2396,8,2,6
2397,7,4,3
2398,10,7,3
2399,13,4,9
2400,2,2,0
2401,13,6,7
2402,5,1,4
2403,4,1,3
2404,2,1,1
2405,11,2,9
2406,4,3,1
2407,5,3,2
2408,2,2,0
2409,13,7,6
2410,8,6,2
2411,18,9,9
2412,10,4,6
2413,8,0,8
2414,10,7,3
2415,2,0,2
2416,8,8,0
2417,8,6,2
2418,1,0,1
2419,10,8,2
2420,8,2,6
2421,8,2,6
2422,11,2,9
2423,5,3,2
2424,12,7,5
2425,17,8,9
2426,7,1,6
2427,6,0,6
2428,3,0,3
2429,10,8,2
2430,13,7,6
2431,9,4,5
2432,5,0,5
2433,7,3,4
2434,11,6,5
2435,10,7,3
2436,11,2,9
2437,3,1,2
2438,13,8,5
2439,11,7,4
2440,6,2,4
2441,15,9,6
2442,4,3,1
2443,13,4,9
2444,11,7,4
2445,11,7,4
2446,18,9,9
2447,4,3,1
2448,11,9,2
2449,18,9,9
2450,2,1,1
2451,11,7,4
2452,9,1,8
2453,10,4,6
2454,6,2,4
2455,7,7,0
2456,16,7,9
2457,8,1,7
2458,12,8,4
2459,6,3,3
2460,4,3,1
2461,16,7,9
2462,13,7,6
2463,6,4,2
2464,8,7,1
2465,16,8,8
2466,11,4,7
2467,14,6,8
2468,9,8,1
2469,7,0,7
2470,7,1,6
2471,5,5,0
2472,10,2,8
2473,13,9,4
2474,9,2,7
2475,15,9,6
2476,14,6,8
2477,12,5,7
2478,14,8,6
2479,6,5,1
2480,6,1,5
2481,2,0,2
2482,12,8,4
2483,10,2,8
2484,14,9,5
2485,8,0,8
2486,14,6,8
2487,10,3,7
2488,12,3,9
2489,9,2,7
2490,7,0,7
2491,11,6,5
2492,11,5,6
2493,10,4,6
2494,10,9,1
2495,5,4,1
2496,4,1,3
2497,15,6,9
2498,9,5,4
2499,16,9,7
2500,15,6,9
2501,15,7,8
2502,7,4,3
2503,7,6,1
2504,5,2,3
2505,8,2,6
2506,2,2,0
2507,0,0,0
2508,5,1,4
2509,12,5,7
2510,12,5,7
2511,13,4,9
2512,15,8,7
2513,7,5,2
2514,11,3,8
2515,1,0,1
2516,12,7,5
2517,13,6,7
2518,5,3,2
2519,16,7,9
2520,6,0,6
2521,13,8,5
2522,8,5,3
2523,10,8,2
2524,5,0,5
2525,7,5,2
2526,8,0,8
2527,11,8,3
2528,9,0,9
2529,4,1,3
2530,10,8,2
2531,16,9,7
2532,10,8,2
2533,6,6,0
2534,15,9,6
2535,9,8,1
2536,15,9,6
2537,12,9,3
2538,13,9,4
2539,8,8,0
2540,6,0,6
2541,9,1,8
2542,14,9,5
2543,5,0,5
2544,14,5,9
2545,9,7,2
2546,14,7,7
2547,16,9,7
2548,8,4,4
2549,8,8,0
2550,13,5,8
2551,6,5,1
2552,8,5,3
2553,12,4,8
2554,8,4,4
2555,4,4,0
2556,9,3,6
2557,2,0,2
2558,9,5,4
2559,16,9,7
2560,5,5,0
2561,13,9,4
2562,1,0,1
2563,10,6,4
2564,7,7,0
2565,10,3,7
2566,17,8,9
2567,15,7,8
2568,9,0,9
2569,13,6,7
2570,1,0,1
2571,10,1,9
2572,15,8,7
2573,12,4,8
2574,8,3,5
2575,12,6,6
2576,8,2,6
2577,15,6,9
2578,12,9,3
2579,6,4,2
2580,6,0,6
2581,17,9,8
2582,3,3,0
2583,15,8,7
2584,12,7,5
2585,5,2,3
2586,1,1,0
2587,8,2,6
2588,9,4,5
2589,12,4,8
2590,7,0,7
2591,9,1,8
2592,6,4,2
2593,11,8,3
2594,10,3,7
2595,16,7,9
2596,11,8,3
2597,11,4,7
2598,12,5,7
2599,6,1,5
2600,4,4,0
2601,12,3,9
2602,14,5,9
2603,4,0,4
2604,1,1,0
2605,16,8,8
2606,11,4,7
2607,0,0,0
2608,9,2,7
2609,8,3,5
2610,15,6,9
2611,10,6,4
2612,3,1,2
2613,14,9,5
2614,11,7,4
2615,8,4,4
2616,9,8,1
2617,5,0,5
2618,17,9,8
2619,2,1,1
2620,13,6,7
2621,12,5,7
2622,13,9,4
2623,2,1,1
2624,4,3,1
2625,11,3,8
2626,9,0,9
2627,10,2,8
2628,11,6,5
2629,14,7,7
2630,8,4,4
2631,7,6,1
2632,15,7,8
2633,6,1,5
2634,4,0,4
2635,6,2,4
2636,9,7,2
2637,6,2,4
2638,11,2,9
2639,10,3,7
2640,8,0,8
2641,11,9,2
2642,17,9,8
2643,17,8,9
2644,6,2,4
2645,9,4,5
2646,1,1,0
2647,3,1,2
2648,12,8,4
2649,8,2,6
2650,16,8,8
2651,5,5,0
2652,9,3,6
2653,7,5,2
2654,6,3,3
2655,7,3,4
2656,12,9,3
2657,15,8,7
2658,9,3,6
2659,12,8,4
2660,15,9,6
2661,2,0,2
2662,2,0,2
2663,12,9,3
2664,8,1,7
2665,10,9,1
2666,7,5,2
2667,10,9,1
2668,10,1,9
2669,6,5,1
2670,11,2,9
2671,11,8,3
2672,8,8,0
2673,5,0,5
2674,7,3,4
2675,8,5,3
2676,11,5,6
2677,9,3,6
2678,10,5,5
2679,9,0,9
2680,6,2,4
2681,13,9,4
2682,12,6,6
2683,0,0,0
2684,10,5,5
2685,18,9,9
2686,11,3,8
2687,4,3,1
2688,5,2,3
2689,8,6,2
2690,6,1,5
2691,7,1,6
2692,11,5,6
2693,9,0,9
2694,11,9,2
2695,9,1,8
2696,13,9,4
2697,14,9,5
2698,16,9,7
2699,9,3,6
2700,10,2,8
2701,9,1,8
2702,15,6,9
2703,9,3,6
2704,9,7,2
2705,8,8,0
2706,18,9,9
2707,5,2,3
2708,8,2,6
2709,15,7,8
2710,2,2,0
2711,10,9,1
2712,17,9,8
2713,7,4,3
2714,18,9,9
2715,6,4,2
2716,10,3,7
2717,4,3,1
2718,5,5,0
2719,13,5,8
2720,7,7,0
2721,7,1,6
2722,12,5,7
2723,9,0,9
2724,9,2,7
2725,10,5,5
2726,10,7,3
2727,9,6,3
2728,7,6,1
2729,7,4,3
2730,4,0,4
2731,9,5,4
2732,5,0,5
2733,13,4,9
2734,9,4,5
2735,1,1,0
2736,5,0,5
2737,13,6,7
2738,11,5,6
2739,13,4,9
2740,12,4,8
2741,7,7,0
2742,9,4,5
2743,13,6,7
2744,6,1,5
2745,11,5,6
2746,11,6,5
2747,16,9,7
2748,9,2,7
2749,12,6,6
2750,9,3,6
2751,13,9,4
2752,1,1,0
2753,8,4,4
2754,13,5,8
2755,14,9,5
2756,6,3,3
2757,14,8,6
2758,13,9,4
2759,11,8,3
2760,10,7,3
2761,8,5,3
2762,10,1,9
2763,6,6,0
2764,13,8,5
2765,10,6,4
2766,3,2,1
2767,7,5,2
2768,6,5,1
2769,5,4,1
2770,17,9,8
2771,13,7,6
2772,13,4,9
2773,4,3,1
2774,8,3,5
2775,11,4,7
2776,6,6,0
2777,10,8,2
2778,11,3,8
2779,16,7,9
2780,15,7,8
2781,15,7,8
2782,12,5,7
2783,0,0,0
2784,2,1,1
2785,13,9,4
2786,8,5,3
2787,5,1,4
2788,1,0,1
2789,6,0,6
2790,10,8,2
2791,16,9,7
2792,6,1,5
2793,2,2,0
2794,8,3,5
2795,6,1,5
2796,13,8,5
2797,6,0,6
2798,13,7,6
2799,9,2,7
2800,2,1,1
2801,11,6,5
2802,0,0,0
2803,10,3,7
2804,11,8,3
2805,10,7,3
2806,9,8,1
2807,6,5,1
2808,7,2,5
2809,8,7,1
2810,5,1,4
2811,12,9,3
2812,6,1,5
2813,17,8,9
2814,16,8,8
2815,8,3,5
2816,10,4,6
2817,9,5,4
2818,2,1,1
2819,12,4,8
2820,7,0,7
2821,0,0,0
2822,13,6,7
2823,2,0,2
2824,12,7,5
2825,7,0,7
2826,18,9,9
2827,16,8,8
2828,9,2,7
2829,10,1,9
2830,9,4,5
2831,1,0,1
2832,8,3,5
2833,5,5,0
2834,4,3,1
2835,11,8,3
2836,14,8,6
2837,9,5,4
2838,6,2,4
2839,12,6,6
2840,18,9,9
2841,12,3,9
2842,13,5,8
2843,11,7,4
2844,9,9,0
2845,6,6,0
2846,10,9,1
2847,8,1,7
2848,9,2,7
2849,8,3,5
2850,12,8,4
2851,8,3,5
2852,14,9,5
2853,7,0,7
2854,15,8,7
2855,11,8,3
2856,16,7,9
2857,7,5,2
2858,3,0,3
2859,9,2,7
2860,12,6,6
2861,7,7,0
2862,15,6,9
2863,12,4,8
2864,7,2,5
2865,8,1,7
2866,10,5,5
2867,13,8,5
2868,15,8,7
2869,4,3,1
2870,7,1,6
2871,9,3,6
2872,9,3,6
2873,11,5,6
2874,11,8,3
2875,8,2,6
2876,6,5,1
2877,16,9,7
2878,12,9,3
2879,10,5,5
2880,8,3,5
2881,6,3,3
2882,8,5,3
2883,6,6,0
2884,10,5,5
2885,14,9,5
2886,8,6,2
2887,9,0,9
2888,6,6,0
2889,9,3,6
2890,15,8,7
2891,7,4,3
2892,8,8,0
2893,7,1,6
2894,5,2,3
2895,7,6,1
2896,8,5,3
2897,8,8,0
2898,16,9,7
2899,11,2,9
2900,8,6,2
2901,7,7,0
2902,6,1,5
2903,14,7,7
2904,8,0,8
2905,6,0,6
2906,8,5,3
2907,7,5,2
2908,3,3,0
2909,14,7,7
2910,10,6,4
2911,16,9,7
2912,12,8,4
2913,10,6,4
2914,2,1,1
2915,5,4,1
2916,4,2,2
2917,13,9,4
2918,5,0,5
2919,15,8,7
2920,8,2,6
2921,10,4,6
2922,4,1,3
2923,11,6,5
2924,10,5,5
2925,18,9,9
2926,7,3,4
2927,3,3,0
2928,11,9,2
2929,5,5,0
2930,5,0,5
2931,7,0,7
2932,13,7,6
2933,10,5,5
2934,2,1,1
2935,10,9,1
2936,11,6,5
2937,3,0,3
2938,8,0,8
2939,13,4,9
2940,6,6,0
2941,14,6,8
2942,10,3,7
2943,5,3,2
2944,8,5,3
2945,7,0,7
2946,4,1,3
2947,10,5,5
2948,8,7,1
2949,11,6,5
2950,6,4,2
2951,6,5,1
2952,10,1,9
2953,8,8,0
2954,9,9,0
2955,15,9,6
2956,16,7,9
2957,14,7,7
2958,13,5,8
2959,4,2,2
2960,8,6,2
2961,0,0,0
2962,11,9,2
2963,3,1,2
2964,1,0,1
2965,10,1,9
2966,0,0,0
2967,9,4,5
2968,14,9,5
2969,8,3,5
2970,12,5,7
2971,10,1,9
2972,2,2,0
2973,11,8,3
2974,12,8,4
2975,2,2,0
2976,10,9,1
2977,5,5,0
2978,11,2,9
2979,15,6,9
2980,9,0,9
2981,6,2,4
2982,6,5,1
2983,8,2,6
2984,9,3,6
2985,8,0,8
2986,15,8,7
2987,8,3,5
2988,11,9,2
2989,6,0,6
2990,7,0,7
2991,7,6,1
2992,8,3,5
2993,3,2,1
2994,13,8,5
2995,16,7,9
2996,6,4,2
2997,10,3,7
2998,9,4,5
2999,9,6,3
3000,0,0,0
3001,9,8,1
3002,9,1,8
3003,3,0,3
3004,9,7,2
3005,5,5,0
3006,15,6,9
3007,5,3,2
3008,11,4,7
3009,8,0,8
3010,15,9,6
3011,8,0,8
3012,9,1,8
3013,4,0,4
3014,14,7,7
3015,11,7,4
3016,9,3,6
3017,6,2,4
3018,10,2,8
3019,6,2,4
3020,10,4,6
3021,10,3,7
3022,4,1,3
3023,8,2,6
3024,14,6,8
3025,16,8,8
3026,4,3,1
3027,6,0,6
3028,13,4,9
3029,8,4,4
3030,8,8,0
3031,7,1,6
3032,6,6,0
3033,17,8,9
3034,10,2,8
3035,3,2,1
3036,12,6,6
3037,9,9,0
3038,13,7,6
3039,15,6,9
3040,9,4,5
3041,13,4,9
3042,11,6,5
3043,13,9,4
3044,6,5,1
3045,8,1,7
3046,9,4,5
3047,2,2,0
3048,7,6,1
3049,9,4,5
3050,13,9,4
3051,9,7,2
3052,14,7,7
3053,8,2,6
3054,9,5,4
3055,10,3,7
3056,8,4,4
3057,12,5,7
3058,9,8,1
3059,10,9,1
3060,14,8,6
3061,16,7,9
3062,13,8,5
3063,4,4,0
3064,7,5,2
3065,8,3,5
3066,10,5,5
3067,10,6,4
3068,2,1,1
3069,8,5,3
3070,10,5,5
3071,2,1,1
3072,13,5,8
3073,2,0,2
3074,7,6,1
3075,12,3,9
3076,8,7,1
3077,12,4,8
3078,15,7,8
3079,11,4,7
3080,9,2,7
3081,10,2,8
3082,0,0,0
3083,7,5,2
3084,7,6,1
3085,6,0,6
3086,10,6,4
3087,2,0,2
3088,12,8,4
3089,5,4,1
3090,10,3,7
3091,14,6,8
3092,12,4,8
3093,11,7,4
3094,13,8,5
3095,15,7,8
3096,7,5,2
3097,17,9,8
3098,8,8,0
3099,7,6,1
3100,12,8,4
3101,17,8,9
3102,15,6,9
3103,15,8,7
3104,15,9,6
3105,17,8,9
3106,7,0,7
3107,6,2,4
3108,7,6,1
3109,8,6,2
3110,9,6,3
3111,3,1,2
3112,10,8,2
3113,11,9,2
3114,4,0,4
3115,6,5,1
3116,5,4,1
3117,17,8,9
3118,14,6,8
3119,4,2,2
3120,3,1,2
3121,11,9,2
3122,5,1,4
3123,7,3,4
3124,11,6,5
3125,9,7,2
3126,11,2,9
3127,7,7,0
3128,5,1,4
3129,6,1,5
3130,5,0,5
3131,14,7,7
3132,11,5,6
3133,9,5,4
3134,7,2,5
3135,14,9,5
3136,17,9,8
3137,2,1,1
3138,1,0,1
3139,13,6,7
3140,14,7,7
3141,7,0,7
3142,5,0,5
3143,16,7,9
3144,10,7,3
3145,15,9,6
3146,1,0,1
3147,5,4,1
3148,10,8,2
3149,7,1,6
3150,13,6,7
3151,9,2,7
3152,11,9,2
3153,10,7,3
3154,9,3,6
3155,4,3,1
3156,16,8,8
3157,11,7,4
3158,16,8,8
3159,7,0,7
3160,4,2,2
3161,12,8,4
3162,14,5,9
3163,7,1,6
3164,6,6,0
3165,3,1,2
3166,0,0,0
3167,9,2,7
3168,9,4,5
3169,2,2,0
3170,12,3,9
3171,15,8,7
3172,11,6,5
3173,4,0,4
3174,12,8,4
3175,8,4,4
3176,7,4,3
3177,7,3,4
3178,10,8,2
3179,11,6,5
3180,3,1,2
3181,13,7,6
3182,15,9,6
3183,9,8,1
3184,3,0,3
3185,7,0,7
3186,8,4,4
3187,8,5,3
3188,8,5,3
3189,17,9,8
3190,4,2,2
3191,10,9,1
3192,10,2,8
3193,9,7,2
3194,11,9,2
3195,15,8,7
3196,10,6,4
3197,12,7,5
3198,2,0,2
3199,10,8,2
3200,1,0,1
3201,10,7,3
3202,6,2,4
3203,4,3,1
3204,13,5,8
3205,4,2,2
3206,5,2,3
3207,5,3,2
3208,8,5,3
3209,5,1,4
3210,10,7,3
3211,7,6,1
3212,14,7,7
3213,10,5,5
3214,12,5,7
3215,8,5,3
3216,3,3,0
3217,9,0,9
3218,7,6,1
3219,8,7,1
3220,10,9,1
3221,4,1,3
3222,11,7,4
3223,13,9,4
3224,7,6,1
3225,10,8,2
3226,5,3,2
3227,3,1,2
3228,10,4,6
3229,9,8,1
3230,5,4,1
3231,14,9,5
3232,6,6,0
3233,11,2,9
3234,10,2,8
3235,13,8,5
3236,5,0,5
3237,9,4,5
3238,9,4,5
3239,11,9,2
3240,9,0,9
3241,8,7,1
3242,10,7,3
3243,9,1,8
3244,2,2,0
3245,6,4,2
3246,8,3,5
3247,6,4,2
3248,12,4,8
3249,13,8,5
3250,11,8,3
3251,4,2,2
3252,12,9,3
3253,9,4,5
3254,9,4,5
3255,12,3,9
3256,10,5,5
3257,8,2,6
3258,14,8,6
3259,14,6,8
3260,14,9,5
3261,14,8,6
3262,8,5,3
3263,3,2,1
3264,15,7,8
3265,14,7,7
3266,3,3,0
3267,7,0,7
3268,3,3,0
3269,6,6,0
3270,4,0,4
3271,11,8,3
3272,13,9,4
3273,11,6,5
3274,5,1,4
3275,9,2,7
3276,13,7,6
3277,9,4,5
3278,14,7,7
3279,11,5,6
3280,15,8,7
3281,17,9,8
3282,11,6,5
3283,6,1,5
3284,13,8,5
3285,8,7,1
3286,10,6,4
3287,10,6,4
3288,9,9,0
3289,9,5,4
3290,15,6,9
3291,9,6,3
3292,11,5,6
3293,6,5,1
3294,9,9,0
3295,9,4,5
3296,11,7,4
3297,3,1,2
3298,10,2,8
3299,5,1,4
3300,9,4,5
3301,5,0,5
3302,8,2,6
3303,7,6,1
3304,7,2,5
3305,7,5,2
3306,12,3,9
3307,2,2,0
3308,11,3,8
3309,9,8,1
3310,8,0,8
3311,14,6,8
3312,11,9,2
3313,11,3,8
3314,8,5,3
3315,12,9,3
3316,13,8,5
3317,12,3,9
3318,4,0,4
3319,8,0,8
3320,2,2,0
3321,6,5,1
3322,5,5,0
3323,3,3,0
3324,11,6,5
3325,3,0,3
3326,0,0,0
3327,3,0,3
3328,11,7,4
3329,8,4,4
3330,11,3,8
3331,13,6,7
3332,7,3,4
3333,1,1,0
3334,13,9,4
3335,10,7,3
3336,12,3,9
3337,10,3,7
3338,13,4,9
3339,13,9,4
3340,18,9,9
3341,12,6,6
3342,10,1,9
3343,15,7,8
3344,5,5,0
3345,7,3,4
3346,15,7,8
3347,10,7,3
3348,11,6,5
3349,10,4,6
3350,9,2,7
3351,1,1,0
3352,9,0,9
3353,11,9,2
3354,15,8,7
3355,9,3,6
3356,7,5,2
3357,12,4,8
3358,11,8,3
3359,9,3,6
3360,11,3,8
3361,17,9,8
3362,6,2,4
3363,2,1,1
3364,9,1,8
3365,9,8,1
3366,9,0,9
3367,3,3,0
3368,16,8,8
3369,16,8,8
3370,10,6,4
3371,15,8,7
3372,4,1,3
3373,5,1,4
3374,16,7,9
3375,11,8,3
3376,13,5,8
3377,5,0,5
3378,8,6,2
3379,13,7,6
3380,3,2,1
3381,11,5,6
3382,8,5,3
3383,7,0,7
3384,7,2,5
3385,8,4,4
3386,12,5,7
3387,9,7,2
3388,8,6,2
3389,1,0,1
3390,5,1,4
3391,8,0,8
3392,14,8,6
3393,8,2,6
3394,5,1,4
3395,13,4,9
3396,8,8,0
3397,11,3,8
3398,11,2,9
3399,18,9,9
3400,5,3,2
3401,14,6,8
3402,4,1,3
3403,9,0,9
3404,12,4,8
3405,4,4,0
3406,6,1,5
3407,2,0,2
3408,11,2,9
3409,10,3,7
3410,14,5,9
3411,9,7,2
3412,17,8,9
3413,13,6,7
3414,10,4,6
3415,9,7,2
3416,7,1,6
3417,12,6,6
3418,9,3,6
3419,11,8,3
3420,15,8,7
3421,11,4,7
3422,9,9,0
3423,10,5,5
3424,11,5,6
3425,7,2,5
3426,15,7,8
3427,7,6,1
3428,15,6,9
3429,8,6,2
3430,5,0,5
3431,8,4,4
3432,11,9,2
3433,16,8,8
3434,8,7,1
3435,8,2,6
3436,1,1,0
3437,10,4,6
3438,13,5,8
3439,4,1,3
3440,8,3,5
3441,15,7,8
3442,5,0,5
3443,9,9,0
3444,15,9,6
3445,10,2,8
3446,5,1,4
3447,9,8,1
3448,9,1,8
3449,10,1,9
3450,11,6,5
3451,6,5,1
3452,3,0,3
3453,5,0,5
3454,8,7,1
3455,7,7,0
3456,9,6,3
3457,15,9,6
3458,11,2,9
3459,8,4,4
3460,2,0,2
3461,14,9,5
3462,15,8,7
3463,5,4,1
3464,7,7,0
3465,8,8,0
3466,17,9,8
3467,8,2,6
3468,7,3,4
3469,12,4,8
3470,12,7,5
3471,4,0,4
3472,11,5,6
3473,17,9,8
3474,8,6,2
3475,2,1,1
3476,12,3,9
3477,7,7,0
3478,3,3,0
3479,16,9,7
3480,1,0,1
3481,10,9,1
3482,14,5,9
3483,8,3,5
3484,8,0,8
3485,9,2,7
3486,15,7,8
3487,4,2,2
3488,2,0,2
3489,5,1,4
3490,3,2,1
3491,10,8,2
3492,9,2,7
3493,5,4,1
3494,1,1,0
3495,8,8,0
3496,14,9,5
3497,10,9,1
3498,3,2,1
3499,3,2,1
3500,5,0,5
3501,7,1,6
3502,9,2,7
3503,7,2,5
3504,1,1,0
3505,8,5,3
3506,7,2,5
3507,7,3,4
3508,8,7,1
3509,10,3,7
3510,16,9,7
3511,6,2,4
3512,15,8,7
3513,11,6,5
3514,10,7,3
3515,9,6,3
3516,14,6,8
3517,2,0,2
3518,10,6,4
3519,8,8,0
3520,9,4,5
3521,9,0,9
3522,13,5,8
3523,7,6,1
3524,10,4,6
3525,14,9,5
3526,8,8,0
3527,8,4,4
3528,9,4,5
3529,7,5,2
3530,7,2,5
3531,9,0,9
3532,10,7,3
3533,4,0,4
3534,11,6,5
3535,4,0,4
3536,15,9,6
3537,3,2,1
3538,12,8,4
3539,11,4,7
3540,11,9,2
3541,3,0,3
3542,3,2,1
3543,15,6,9
3544,10,7,3
3545,5,2,3
3546,11,8,3
3547,11,5,6
3548,2,1,1
3549,8,0,8
3550,7,1,6
3551,15,6,9
3552,9,1,8
3553,11,4,7
3554,12,4,8
3555,1,0,1
3556,2,0,2
3557,4,3,1
3558,6,0,6
3559,9,5,4
3560,5,4,1
3561,9,5,4
3562,10,7,3
3563,15,6,9
3564,12,3,9
3565,9,6,3
3566,13,9,4
3567,8,2,6
3568,6,4,2
3569,8,5,3
3570,9,3,6
3571,10,1,9
3572,12,3,9
3573,10,6,4
3574,8,0,8
3575,12,3,9
3576,16,8,8
3577,5,1,4
3578,8,0,8
3579,6,6,0
3580,10,4,6
3581,9,0,9
3582,6,0,6
3583,6,5,1
3584,5,5,0
3585,4,2,2
3586,6,5,1
3587,10,3,7
3588,14,5,9
3589,15,7,8
3590,9,7,2
3591,5,3,2
3592,4,2,2
3593,4,0,4
3594,14,8,6
3595,10,6,4
3596,8,6,2
3597,3,0,3
3598,5,4,1
3599,14,5,9
3600,10,4,6
3601,16,8,8
3602,8,8,0
3603,0,0,0
3604,13,6,7
3605,3,2,1
3606,15,6,9
3607,9,2,7
3608,9,2,7
3609,10,3,7
3610,10,5,5
3611,10,5,5
3612,2,1,1
3613,5,3,2
3614,4,4,0
3615,13,9,4
3616,14,7,7
3617,7,2,5
3618,11,7,4
3619,7,3,4
3620,9,4,5
3621,10,2,8
3622,15,7,8
3623,12,8,4
3624,2,2,0
3625,9,9,0
3626,7,6,1
3627,17,9,8
3628,8,6,2
3629,17,9,8
3630,16,9,7
3631,13,8,5
3632,13,9,4
3633,2,2,0
3634,8,5,3
3635,8,6,2
3636,15,6,9
3637,8,5,3
3638,11,6,5
3639,8,4,4
3640,10,2,8
3641,17,8,9
3642,13,5,8
3643,15,7,8
3644,14,8,6
3645,14,7,7
3646,13,7,6
3647,7,3,4
3648,5,3,2
3649,12,3,9
3650,10,9,1
3651,5,1,4
3652,12,5,7
3653,14,8,6
3654,1,0,1
3655,8,5,3
3656,17,8,9
3657,13,6,7
3658,9,0,9
3659,8,4,4
3660,6,3,3
3661,1,1,0
3662,7,2,5
3663,14,9,5
3664,3,1,2
3665,16,9,7
3666,7,0,7
3667,14,6,8
3668,10,6,4
3669,4,1,3
3670,8,0,8
3671,11,7,4
3672,8,4,4
3673,2,1,1
3674,9,8,1
3675,5,4,1
3676,11,5,6
3677,9,3,6
3678,4,3,1
3679,10,5,5
3680,10,9,1
3681,4,1,3
3682,12,5,7
3683,8,1,7
3684,2,0,2
3685,2,0,2
3686,5,4,1
3687,2,1,1
3688,5,3,2
3689,10,7,3
3690,8,2,6
3691,15,8,7
3692,6,2,4
3693,10,7,3
3694,15,8,7
3695,11,9,2
3696,11,5,6
3697,10,4,6
3698,10,9,1
3699,11,4,7
3700,9,1,8
3701,13,7,6
3702,9,6,3
3703,8,4,4
3704,5,0,5
3705,2,1,1
3706,12,7,5
3707,14,5,9
3708,4,2,2
3709,14,6,8
3710,6,0,6
3711,12,4,8
3712,1,1,0
3713,11,9,2
3714,10,1,9
3715,10,9,1
3716,7,0,7
3717,9,0,9
3718,10,1,9
3719,9,4,5
3720,12,7,5
3721,15,7,8
3722,14,8,6
3723,5,2,3
3724,11,3,8
3725,0,0,0
3726,1,1,0
3727,8,7,1
3728,14,5,9
3729,13,6,7
3730,11,4,7
3731,6,4,2
3732,15,8,7
3733,9,4,5
3734,10,1,9
3735,13,9,4
3736,7,6,1
3737,11,3,8
3738,10,4,6
3739,10,7,3
3740,10,9,1
3741,8,8,0
3742,5,2,3
3743,5,0,5
3744,10,4,6
3745,9,9,0
3746,3,1,2
3747,11,7,4
3748,7,3,4
3749,9,2,7
3750,0,0,0
3751,16,8,8
3752,13,9,4
3753,8,1,7
3754,11,5,6
3755,2,1,1
3756,9,0,9
3757,11,9,2
3758,10,5,5
3759,11,5,6
3760,14,6,8
3761,10,1,9
3762,6,2,4
3763,3,0,3
3764,6,1,5
3765,10,9,1
3766,13,6,7
3767,15,7,8
3768,10,5,5
3769,6,3,3
3770,9,6,3
3771,7,0,7
3772,7,7,0
3773,10,7,3
3774,3,0,3
3775,10,5,5
3776,11,4,7
3777,4,0,4
3778,12,7,5
3779,17,9,8
3780,4,1,3
3781,15,7,8
3782,8,0,8
3783,13,6,7
3784,12,3,9
3785,9,4,5
3786,11,6,5
3787,17,9,8
3788,15,7,8
3789,17,8,9
3790,6,4,2
3791,11,9,2
3792,10,4,6
3793,10,6,4
3794,8,3,5
3795,5,5,0
3796,5,0,5
3797,8,3,5
3798,3,3,0
3799,4,1,3
3800,10,8,2
3801,4,0,4
3802,2,2,0
3803,4,3,1
3804,5,1,4
3805,8,6,2
3806,3,3,0
3807,8,4,4
3808,3,2,1
3809,9,9,0
3810,12,7,5
3811,8,0,8
3812,10,6,4
3813,15,7,8
3814,13,7,6
3815,7,7,0
3816,5,4,1
3817,7,5,2
3818,15,8,7
3819,10,3,7
3820,17,8,9
3821,9,9,0
3822,7,3,4
3823,9,1,8
3824,2,0,2
3825,10,4,6
3826,8,7,1
3827,11,4,7
3828,8,3,5
3829,3,3,0
3830,3,0,3
3831,7,3,4
3832,3,3,0
3833,17,9,8
3834,12,7,5
3835,11,8,3
3836,7,3,4
3837,3,2,1
3838,7,0,7
3839,8,7,1
3840,12,7,5
3841,3,1,2
3842,15,6,9
3843,15,9,6
3844,13,9,4
3845,10,3,7
3846,16,7,9
3847,10,4,6
3848,5,0,5
3849,5,1,4
3850,10,8,2
3851,7,7,0
3852,7,5,2
3853,10,6,4
3854,13,7,6
3855,12,8,4
3856,11,2,9
3857,8,5,3
3858,7,7,0
3859,8,3,5
3860,6,0,6
3861,10,6,4
3862,4,1,3
3863,11,3,8
3864,0,0,0
3865,14,6,8
3866,2,0,2
3867,11,9,2
3868,5,3,2
3869,9,2,7
3870,8,0,8
3871,12,7,5
3872,13,9,4
3873,15,9,6
3874,4,1,3
3875,8,6,2
3876,11,3,8
3877,8,0,8
3878,11,3,8
3879,8,2,6
3880,7,4,3
3881,3,2,1
3882,9,0,9
3883,12,7,5
3884,10,3,7
3885,10,5,5
3886,10,3,7
3887,6,5,1
3888,9,8,1
3889,12,5,7
3890,15,7,8
3891,6,2,4
3892,7,3,4
3893,7,3,4
3894,9,4,5
3895,9,5,4
3896,11,4,7
3897,5,2,3
3898,6,5,1
3899,11,5,6
3900,2,0,2
3901,10,7,3
3902,6,5,1
3903,4,2,2
3904,8,3,5
3905,6,5,1
3906,13,6,7
3907,10,6,4
3908,6,1,5
3909,7,0,7
3910,6,4,2
3911,5,1,4
3912,12,9,3
3913,13,4,9
3914,6,6,0
3915,6,6,0
3916,11,3,8
3917,15,9,6
3918,12,4,8
3919,2,2,0
3920,1,0,1
3921,2,1,1
3922,9,2,7
3923,5,4,1
3924,10,1,9
3925,4,4,0
3926,6,6,0
3927,10,5,5
3928,9,0,9
3929,12,9,3
3930,7,1,6
3931,8,1,7
3932,12,5,7
3933,6,3,3
3934,14,7,7
3935,16,9,7
3936,7,6,1
3937,1,1,0
3938,14,7,7
3939,11,4,7
3940,14,6,8
3941,2,2,0
3942,11,3,8
3943,4,1,3
3944,5,1,4
3945,12,4,8
3946,14,5,9
3947,14,8,6
3948,10,8,2
3949,8,0,8
3950,12,9,3
3951,8,2,6
3952,14,9,5
3953,14,8,6
3954,13,8,5
3955,10,1,9
3956,4,4,0
3957,13,4,9
3958,1,0,1
3959,13,4,9
3960,1,0,1
3961,11,2,9
3962,1,1,0
3963,10,7,3
3964,15,6,9
3965,9,0,9
3966,13,6,7
3967,11,7,4
3968,11,7,4
3969,15,8,7
3970,9,6,3
3971,11,6,5
3972,3,3,0
3973,7,3,4
3974,6,0,6
3975,3,2,1
3976,4,1,3
3977,13,7,6
3978,18,9,9
3979,12,3,9
3980,5,0,5
3981,5,2,3
3982,10,5,5
3983,8,0,8
3984,5,0,5
3985,4,2,2
3986,10,4,6
3987,5,2,3
3988,10,3,7
3989,14,9,5
3990,9,8,1
3991,16,9,7
3992,3,2,1
3993,7,4,3
3994,4,3,1
3995,9,3,6
3996,6,0,6
3997,14,5,9
3998,6,4,2
3999,9,8,1
4000,11,4,7
4001,4,2,2
4002,9,9,0
4003,3,1,2
4004,17,8,9
4005,8,0,8
4006,9,4,5
4007,11,2,9
4008,1,0,1
4009,6,1,5
4010,10,4,6
4011,5,2,3
4012,6,5,1
4013,9,0,9
4014,13,6,7
4015,12,4,8
4016,12,8,4
4017,14,7,7
4018,10,1,9
4019,9,2,7
4020,7,2,5
4021,8,4,4
4022,8,8,0
4023,7,6,1
4024,8,8,0
4025,12,4,8
4026,3,1,2
4027,3,0,3
4028,13,4,9
4029,11,3,8
4030,0,0,0
4031,7,7,0
4032,12,3,9
4033,9,4,5
4034,6,6,0
4035,7,0,7
4036,5,0,5
4037,9,2,7
4038,10,8,2
4039,14,6,8
4040,12,7,5
4041,5,3,2
4042,5,4,1
4043,16,7,9
4044,3,3,0
4045,15,6,9
4046,13,9,4
4047,13,6,7
4048,10,8,2
4049,6,3,3
4050,14,9,5
4051,10,6,4
4052,17,9,8
4053,7,4,3
4054,7,3,4
4055,9,8,1
4056,15,9,6
4057,11,4,7
4058,9,3,6
4059,12,7,5
4060,18,9,9
4061,6,6,0
4062,10,2,8
4063,10,1,9
4064,2,1,1
4065,5,3,2
4066,2,0,2
4067,14,6,8
4068,1,0,1
4069,13,9,4
4070,5,3,2
4071,10,1,9
4072,11,9,2
4073,12,5,7
4074,18,9,9
4075,5,1,4
4076,12,9,3
4077,11,6,5
4078,3,1,2
4079,4,1,3
4080,8,0,8
4081,8,8,0
4082,7,2,5
4083,8,1,7
4084,17,9,8
4085,8,7,1
4086,7,4,3
4087,11,2,9
4088,10,6,4
4089,7,1,6
4090,6,4,2
4091,0,0,0
4092,8,1,7
4093,8,0,8
4094,7,4,3
4095,7,1,6
4096,9,5,4
4097,10,7,3
4098,11,4,7
4099,11,7,4
4100,18,9,9
4101,6,2,4
4102,1,0,1
4103,2,1,1
4104,7,5,2
4105,4,3,1
4106,10,2,8
4107,8,5,3
4108,4,4,0
4109,5,0,5
4110,9,9,0
4111,7,2,5
4112,15,8,7
4113,13,6,7
4114,11,4,7
4115,8,0,8
4116,9,6,3
4117,8,7,1
4118,12,3,9
4119,15,9,6
4120,15,9,6
4121,8,6,2
4122,14,5,9
4123,10,5,5
4124,11,2,9
4125,5,0,5
4126,8,0,8
4127,12,3,9
4128,0,0,0
4129,7,7,0
4130,4,4,0
4131,10,2,8
4132,9,8,1
4133,10,7,3
4134,18,9,9
4135,13,7,6
4136,16,8,8
4137,8,4,4
4138,4,0,4
4139,12,8,4
4140,5,1,4
4141,6,6,0
4142,5,5,0
4143,2,1,1
4144,11,5,6
4145,11,3,8
4146,6,1,5
4147,9,9,0
4148,12,9,3
4149,6,6,0
4150,9,7,2
4151,5,2,3
4152,3,0,3
4153,12,6,6
4154,10,2,8
4155,11,7,4
4156,10,7,3
4157,12,7,5
4158,6,2,4
4159,10,2,8
4160,9,5,4
4161,6,5,1
4162,16,9,7
4163,12,9,3
4164,14,8,6
4165,9,6,3
4166,11,5,6
4167,3,1,2
4168,17,9,8
4169,5,0,5
4170,15,9,6
4171,10,9,1
4172,9,7,2
4173,17,9,8
4174,15,6,9
4175,8,8,0
4176,8,5,3
4177,5,4,1
4178,1,0,1
4179,13,9,4
4180,4,0,4
4181,11,4,7
4182,4,2,2
4183,6,5,1
4184,6,4,2
4185,15,9,6
4186,14,5,9
4187,15,9,6
4188,2,0,2
4189,9,4,5
4190,13,6,7
4191,12,8,4
4192,7,2,5
4193,12,4,8
4194,11,8,3
4195,8,1,7
4196,1,1,0
4197,9,3,6
4198,7,2,5
4199,4,0,4
4200,8,0,8
4201,7,6,1
4202,12,7,5
4203,6,3,3
4204,8,7,1
4205,9,1,8
4206,5,2,3
4207,9,6,3
4208,11,8,3
4209,9,2,7
4210,7,2,5
4211,10,3,7
4212,10,1,9
4213,12,9,3
4214,11,3,8
4215,5,3,2
4216,9,9,0
4217,10,3,7
4218,5,3,2
4219,3,3,0
4220,4,1,3
4221,6,0,6
4222,18,9,9
4223,2,0,2
4224,5,2,3
4225,1,1,0
4226,11,5,6
4227,7,2,5
4228,9,7,2
4229,6,0,6
4230,15,6,9
4231,15,9,6
4232,9,2,7
4233,1,1,0
4234,8,4,4
4235,13,5,8
4236,13,5,8
4237,7,6,1
4238,15,9,6
4239,11,9,2
4240,3,1,2
4241,8,2,6
4242,11,5,6
4243,6,2,4
4244,8,2,6
4245,17,9,8
4246,10,6,4
4247,8,7,1
4248,9,6,3
4249,3,3,0
4250,8,1,7
4251,14,5,9
4252,12,4,8
4253,8,7,1
4254,9,3,6
4255,13,6,7
4256,13,6,7
4257,7,6,1
4258,5,4,1
4259,6,3,3
4260,12,9,3
4261,11,6,5
4262,8,0,8
4263,6,6,0
4264,7,7,0
4265,7,1,6
4266,1,0,1
4267,7,2,5
4268,4,0,4
4269,14,8,6
4270,7,5,2
4271,11,3,8
4272,13,9,4
4273,8,3,5
4274,11,4,7
4275,8,6,2
4276,15,9,6
4277,3,2,1
4278,5,0,5
4279,14,9,5
4280,7,6,1
4281,9,3,6
4282,8,1,7
4283,16,7,9
4284,6,4,2
4285,3,1,2
4286,17,8,9
4287,6,5,1
4288,7,0,7
4289,5,5,0
4290,14,7,7
4291,5,2,3
4292,5,3,2
4293,11,3,8
4294,16,9,7
4295,17,9,8
4296,11,2,9
4297,11,5,6
4298,3,3,0
4299,8,5,3
4300,7,0,7
4301,9,1,8
4302,12,9,3
4303,11,6,5
4304,13,7,6
4305,11,3,8
4306,15,9,6
4307,5,4,1
4308,8,6,2
4309,10,5,5
4310,8,2,6
4311,9,2,7
4312,10,6,4
4313,17,8,9
4314,10,4,6
4315,17,9,8
4316,6,5,1
4317,18,9,9
4318,14,8,6
4319,12,5,7
4320,4,3,1
4321,9,0,9
4322,5,0,5
4323,11,9,2
4324,5,4,1
4325,12,5,7
4326,10,6,4
4327,3,3,0
4328,17,9,8
4329,8,1,7
4330,9,7,2
4331,9,0,9
4332,12,3,9
4333,9,0,9
4334,9,2,7
4335,15,6,9
4336,12,6,6
4337,5,5,0
4338,6,2,4
4339,13,6,7
4340,14,5,9
4341,5,2,3
4342,12,5,7
4343,8,3,5
4344,2,0,2
4345,11,3,8
4346,9,5,4
4347,12,6,6
4348,9,5,4
4349,9,3,6
4350,13,9,4
4351,9,6,3
4352,10,1,9
4353,9,8,1
4354,8,1,7
4355,8,1,7
4356,7,2,5
4357,5,0,5
4358,12,9,3
4359,9,0,9
4360,2,0,2
4361,3,1,2
4362,4,4,0
4363,8,6,2
4364,8,1,7
4365,3,1,2
4366,10,3,7
4367,12,8,4
4368,9,6,3
4369,10,1,9
4370,15,8,7
4371,5,3,2
4372,13,9,4
4373,8,7,1
4374,8,5,3
4375,3,0,3
4376,11,5,6
4377,13,8,5
4378,13,4,9
4379,14,8,6
4380,3,2,1
4381,1,1,0
4382,6,5,1
4383,1,1,0
4384,8,4,4
4385,14,8,6
4386,16,7,9
4387,4,4,0
4388,9,2,7
4389,2,1,1
4390,10,6,4
4391,4,3,1
4392,7,3,4
4393,10,6,4
4394,7,3,4
4395,10,8,2
4396,10,8,2
4397,12,4,8
4398,8,2,6
4399,8,4,4
4400,6,0,6
4401,3,0,3
4402,15,7,8
4403,9,0,9
4404,16,7,9
4405,9,2,7
4406,9,4,5
4407,8,6,2
4408,5,3,2
4409,10,2,8
4410,8,8,0
4411,14,9,5
4412,6,4,2
4413,13,6,7
4414,14,5,9
4415,10,8,2
4416,11,6,5
4417,8,4,4
4418,6,4,2
4419,3,3,0
4420,11,7,4
4421,9,9,0
4422,8,2,6
4423,5,4,1
4424,4,0,4
4425,13,9,4
4426,12,5,7
4427,3,2,1
4428,13,6,7
4429,13,7,6
4430,10,6,4
4431,13,8,5
4432,6,4,2
4433,5,2,3
4434,2,1,1
4435,10,9,1
4436,11,5,6
4437,8,0,8
4438,7,0,7
4439,9,0,9
4440,15,9,6
4441,14,5,9
4442,17,9,8
4443,4,0,4
4444,3,0,3
4445,10,1,9
4446,5,4,1
4447,12,8,4
4448,2,0,2
4449,3,3,0
4450,6,5,1
4451,14,7,7
4452,10,8,2
4453,9,9,0
4454,12,3,9
4455,5,0,5
4456,10,3,7
4457,10,3,7
4458,9,0,9
4459,13,7,6
4460,10,8,2
4461,3,1,2
4462,16,7,9
4463,11,5,6
4464,9,7,2
4465,7,1,6
4466,2,2,0
4467,4,2,2
4468,7,6,1
4469,16,9,7
4470,6,6,0
4471,11,3,8
4472,8,4,4
4473,4,4,0
4474,12,6,6
4475,10,5,5
4476,5,4,1
4477,6,4,2
4478,4,3,1
4479,11,8,3
4480,5,2,3
4481,11,6,5
4482,9,3,6
4483,9,5,4
4484,3,0,3
4485,9,4,5
4486,9,1,8
4487,7,6,1
4488,9,6,3
4489,12,6,6
4490,3,2,1
4491,8,4,4
4492,10,7,3
4493,17,9,8
4494,9,8,1
4495,2,2,0
4496,15,8,7
4497,11,5,6
4498,9,4,5
4499,11,7,4
4500,9,6,3
4501,13,4,9
4502,7,3,4
4503,5,5,0
4504,7,4,3
4505,5,3,2
4506,9,6,3
4507,5,1,4
4508,6,1,5
4509,13,8,5
4510,15,7,8
4511,12,8,4
4512,15,6,9
4513,12,3,9
4514,11,5,6
4515,3,0,3
4516,10,6,4
4517,16,8,8
4518,5,5,0
4519,4,0,4
4520,8,6,2
4521,9,0,9
4522,17,8,9
4523,4,2,2
4524,6,5,1
4525,4,3,1
4526,9,9,0
4527,10,2,8
4528,4,3,1
4529,11,5,6
4530,11,5,6
4531,10,4,6
4532,8,3,5
4533,15,8,7
4534,8,0,8
4535,7,5,2
4536,9,6,3
4537,7,5,2
4538,5,2,3
4539,13,5,8
4540,6,5,1
4541,15,9,6
4542,8,5,3
4543,11,9,2
4544,10,8,2
4545,9,6,3
4546,11,7,4
4547,3,0,3
4548,2,2,0
4549,18,9,9
4550,6,6,0
4551,13,9,4
4552,8,3,5
4553,11,3,8
4554,4,4,0
4555,2,2,0
4556,4,1,3
4557,13,5,8
4558,1,0,1
4559,15,6,9
4560,8,4,4
4561,6,3,3
4562,10,5,5
4563,4,0,4
4564,6,5,1
4565,9,8,1
4566,16,9,7
4567,4,0,4
4568,6,3,3
4569,11,6,5
4570,9,0,9
4571,9,0,9
4572,4,1,3
4573,8,4,4
4574,11,7,4
4575,16,7,9
4576,4,0,4
4577,11,6,5
4578,8,5,3
4579,4,0,4
4580,7,2,5
4581,5,4,1
4582,16,9,7
4583,7,1,6
4584,10,3,7
4585,7,7,0
4586,13,5,8
4587,10,4,6
4588,0,0,0
4589,10,7,3
4590,7,4,3
4591,17,9,8
4592,12,7,5
4593,4,0,4
4594,1,0,1
4595,11,5,6
4596,5,4,1
4597,1,0,1
4598,9,1,8
4599,4,4,0
4600,13,4,9
4601,15,7,8
4602,2,2,0
4603,1,0,1
4604,10,5,5
4605,9,7,2
4606,10,7,3
4607,4,0,4
4608,11,9,2
4609,12,8,4
4610,16,8,8
4611,8,6,2
4612,13,8,5
4613,14,6,8
4614,3,3,0
4615,8,6,2
4616,9,2,7
4617,11,2,9
4618,11,8,3
4619,12,8,4
4620,13,4,9
4621,12,3,9
4622,5,5,0
4623,12,9,3
4624,6,2,4
4625,14,5,9
4626,6,6,0
4627,9,3,6
4628,11,2,9
4629,6,6,0
4630,1,1,0
4631,5,3,2
4632,6,2,4
4633,8,1,7
4634,6,2,4
4635,5,2,3
4636,5,3,2
4637,11,2,9
4638,10,7,3
4639,3,2,1
4640,14,5,9
4641,11,7,4
4642,4,2,2
4643,2,1,1
4644,11,2,9
4645,10,3,7
4646,10,1,9
4647,8,8,0
4648,12,3,9
4649,16,8,8
4650,10,4,6
4651,10,1,9
4652,8,7,1
4653,5,3,2
4654,6,6,0
4655,9,6,3
4656,8,2,6
4657,8,8,0
4658,5,2,3
4659,12,8,4
4660,9,1,8
4661,13,7,6
4662,12,6,6
4663,3,0,3
4664,9,8,1
4665,15,7,8
4666,8,2,6
4667,13,5,8
4668,9,3,6
4669,5,5,0
4670,16,7,9
4671,9,9,0
4672,13,6,7
4673,15,7,8
4674,6,0,6
4675,7,2,5
4676,6,2,4
4677,10,2,8
4678,8,2,6
4679,9,8,1
4680,15,7,8
4681,13,5,8
4682,9,7,2
4683,9,0,9
4684,11,7,4
4685,7,7,0
4686,11,8,3
4687,15,8,7
4688,11,6,5
4689,17,8,9
4690,5,4,1
4691,9,7,2
4692,6,1,5
4693,16,9,7
4694,13,7,6
4695,14,5,9
4696,16,8,8
4697,11,2,9
4698,15,6,9
4699,2,0,2
4700,6,1,5
4701,13,5,8
4702,12,7,5
4703,8,7,1
4704,4,4,0
4705,9,5,4
4706,10,5,5
4707,12,4,8
4708,6,3,3
4709,13,6,7
4710,11,5,6
4711,9,4,5
4712,10,5,5
4713,12,3,9
4714,12,8,4
4715,2,0,2
4716,8,3,5
4717,6,3,3
4718,15,7,8
4719,3,2,1
4720,12,8,4
4721,7,4,3
4722,2,2,0
4723,15,9,6
4724,2,2,0
4725,8,2,6
4726,16,8,8
4727,3,1,2
4728,11,8,3
4729,6,0,6
4730,7,7,0
4731,10,3,7
4732,6,1,5
4733,12,7,5
4734,12,3,9
4735,5,1,4
4736,15,9,6
4737,8,8,0
4738,9,9,0
4739,11,5,6
4740,9,4,5
4741,7,5,2
4742,8,8,0
4743,16,7,9
4744,12,9,3
4745,5,3,2
4746,13,8,5
4747,2,2,0
4748,9,5,4
4749,11,7,4
4750,13,5,8
4751,5,4,1
4752,9,8,1
4753,2,2,0
4754,2,0,2
4755,7,2,5
4756,2,0,2
4757,14,9,5
4758,12,8,4
4759,10,7,3
4760,11,9,2
4761,7,1,6
4762,11,9,2
4763,3,1,2
4764,10,5,5
4765,16,8,8
4766,8,0,8
4767,9,1,8
4768,9,5,4
4769,11,5,6
4770,4,4,0
4771,9,6,3
4772,9,8,1
4773,8,2,6
4774,15,9,6
4775,6,5,1
4776,8,0,8
4777,9,0,9
4778,5,1,4
4779,12,5,7
4780,10,7,3
4781,10,6,4
4782,7,0,7
4783,4,2,2
4784,7,3,4
4785,5,2,3
4786,15,9,6
4787,14,9,5
4788,2,2,0
4789,9,8,1
4790,12,5,7
4791,5,0,5
4792,5,2,3
4793,6,6,0
4794,6,0,6
4795,14,8,6
4796,10,1,9
4797,11,5,6
4798,15,6,9
4799,18,9,9
4800,12,5,7
4801,5,1,4
4802,9,8,1
4803,6,6,0
4804,3,3,0
4805,10,8,2
4806,4,2,2
4807,17,9,8
4808,7,2,5
4809,11,7,4
4810,6,1,5
4811,2,2,0
4812,9,6,3
4813,8,1,7
4814,16,7,9
4815,4,2,2
4816,9,2,7
4817,11,4,7
4818,9,8,1
4819,16,9,7
4820,10,8,2
4821,14,6,8
4822,4,4,0
4823,13,7,6
4824,6,4,2
4825,7,3,4
4826,8,2,6
4827,15,7,8
4828,15,9,6
4829,8,0,8
4830,9,5,4
4831,13,4,9
4832,4,2,2
4833,7,5,2
4834,4,0,4
4835,9,6,3
4836,15,7,8
4837,6,6,0
4838,6,0,6
4839,9,7,2
4840,7,4,3
4841,10,3,7
4842,6,6,0
4843,16,8,8
4844,16,7,9
4845,4,0,4
4846,2,1,1
4847,14,6,8
4848,18,9,9
4849,3,3,0
4850,7,0,7
4851,5,0,5
4852,15,7,8
4853,5,1,4
4854,9,2,7
4855,3,3,0
4856,15,8,7
4857,7,4,3
4858,8,3,5
4859,11,2,9
4860,4,4,0
4861,14,8,6
4862,16,8,8
4863,14,6,8
4864,16,7,9
4865,7,6,1
4866,8,7,1
4867,13,9,4
4868,10,9,1
4869,12,7,5
4870,10,9,1
4871,10,9,1
4872,1,0,1
4873,5,0,5
4874,4,0,4
4875,13,6,7
4876,6,5,1
4877,6,6,0
4878,7,4,3
4879,11,6,5
4880,9,0,9
4881,15,8,7
4882,5,4,1
4883,7,1,6
4884,9,1,8
4885,8,5,3
4886,6,6,0
4887,1,0,1
4888,8,1,7
4889,11,9,2
4890,8,2,6
4891,15,9,6
4892,4,2,2
4893,14,7,7
4894,8,0,8
4895,8,3,5
4896,6,5,1
4897,5,3,2
4898,11,3,8
4899,5,5,0
4900,16,9,7
4901,9,0,9
4902,14,6,8
4903,8,0,8
4904,5,0,5
4905,13,4,9
4906,3,0,3
4907,11,5,6
4908,6,4,2
4909,8,5,3
4910,10,8,2
4911,6,4,2
4912,3,0,3
4913,2,1,1
4914,11,8,3
4915,7,2,5
4916,14,8,6
4917,12,3,9
4918,15,9,6
4919,9,1,8
4920,7,2,5
4921,11,2,9
4922,16,8,8
4923,3,2,1
4924,12,5,7
4925,9,4,5
4926,11,6,5
4927,2,0,2
4928,6,2,4
4929,14,6,8
4930,4,0,4
4931,13,7,6
4932,7,2,5
4933,8,2,6
4934,9,0,9
4935,5,5,0
4936,5,2,3
4937,18,9,9
4938,18,9,9
4939,8,2,6
4940,9,8,1
4941,8,5,3
4942,0,0,0
4943,9,6,3
4944,9,6,3
4945,10,1,9
4946,11,5,6
4947,2,0,2
4948,10,1,9
4949,16,9,7
4950,12,4,8
4951,16,8,8
4952,13,4,9
4953,5,0,5
4954,14,5,9
4955,14,6,8
4956,11,5,6
4957,10,8,2
4958,10,5,5
4959,11,6,5
4960,11,5,6
4961,12,5,7
4962,5,5,0
4963,6,5,1
4964,0,0,0
4965,7,2,5
4966,1,1,0
4967,2,2,0
4968,7,0,7
4969,9,4,5
4970,2,0,2
4971,11,4,7
4972,11,3,8
4973,8,5,3
4974,17,9,8
4975,3,1,2
4976,5,0,5
4977,11,4,7
4978,15,8,7
4979,3,2,1
4980,6,3,3
4981,10,8,2
4982,9,8,1
4983,13,7,6
4984,3,0,3
4985,7,5,2
4986,4,4,0
4987,12,4,8
4988,4,3,1
4989,15,8,7
4990,4,3,1
4991,9,7,2
4992,13,7,6
4993,7,5,2
4994,12,7,5
4995,8,5,3
4996,8,8,0
4997,13,5,8
4998,14,9,5
4999,3,1,2
5000,1,0,1
5001,5,5,0
5002,8,5,3
5003,11,5,6
5004,14,8,6
5005,14,6,8
5006,16,9,7
5007,7,5,2
5008,6,2,4
5009,15,7,8
5010,15,6,9
5011,0,0,0
5012,12,7,5
5013,9,5,4
5014,12,4,8
5015,9,2,7
5016,8,2,6
5017,11,7,4
5018,13,5,8
5019,13,5,8
5020,8,5,3
5021,3,0,3
5022,11,2,9
5023,8,6,2
5024,11,9,2
5025,12,7,5
5026,14,7,7
5027,7,4,3
5028,14,7,7
5029,5,2,3
5030,5,0,5
5031,5,2,3
5032,9,0,9
5033,10,9,1
5034,15,7,8
5035,6,0,6
5036,4,3,1
5037,11,9,2
5038,15,6,9
5039,6,5,1
5040,6,4,2
5041,8,3,5
5042,6,5,1
5043,8,6,2
5044,14,6,8
5045,10,9,1
5046,5,0,5
5047,7,6,1
5048,4,1,3
5049,6,1,5
5050,9,6,3
5051,6,2,4
5052,10,2,8
5053,12,5,7
5054,12,4,8
5055,14,6,8
5056,16,7,9
5057,14,7,7
5058,17,9,8
5059,6,4,2
5060,9,1,8
5061,1,1,0
5062,6,4,2
5063,4,4,0
5064,9,9,0
5065,11,4,7
5066,5,5,0
5067,4,4,0
5068,2,1,1
5069,2,1,1
5070,12,9,3
5071,3,2,1
5072,7,3,4
5073,9,2,7
5074,9,2,7
5075,2,1,1
5076,7,0,7
5077,8,6,2
5078,2,1,1
5079,11,4,7
5080,2,0,2
5081,9,4,5
5082,15,6,9
5083,8,1,7
5084,1,1,0
5085,6,2,4
5086,16,7,9
5087,2,2,0
5088,10,5,5
5089,12,8,4
5090,14,7,7
5091,6,1,5
5092,17,8,9
5093,14,5,9
5094,4,3,1
5095,9,9,0
5096,10,3,7
5097,14,6,8
5098,16,7,9
5099,12,8,4
5100,8,5,3
5101,11,8,3
5102,5,1,4
5103,4,4,0
5104,13,4,9
5105,14,8,6
5106,5,1,4
5107,10,8,2
5108,7,3,4
5109,1,0,1
5110,6,5,1
5111,5,1,4
5112,2,2,0
5113,12,6,6
5114,12,7,5
5115,14,5,9
5116,0,0,0
5117,15,8,7
5118,7,5,2
5119,6,1,5
5120,10,9,1
5121,2,1,1
5122,15,7,8
5123,4,4,0
5124,7,6,1
5125,10,8,2
5126,7,0,7
5127,9,5,4
5128,11,8,3
5129,15,9,6
5130,7,2,5
5131,3,1,2
5132,9,4,5
5133,14,6,8
5134,2,2,0
5135,9,4,5
5136,10,2,8
5137,8,5,3
5138,7,0,7
5139,16,9,7
5140,7,1,6
5141,4,0,4
5142,14,5,9
5143,6,3,3
5144,11,6,5
5145,8,6,2
5146,4,1,3
5147,15,8,7
5148,5,4,1
5149,7,4,3
5150,10,5,5
5151,8,1,7
5152,6,6,0
5153,12,9,3
5154,8,0,8
5155,12,7,5
5156,13,9,4
5157,17,8,9
5158,11,5,6
5159,9,7,2
5160,6,2,4
5161,3,2,1
5162,15,6,9
5163,9,6,3
5164,13,7,6
5165,6,6,0
5166,11,9,2
5167,9,5,4
5168,12,9,3
5169,3,0,3
5170,7,4,3
5171,9,9,0
5172,9,6,3
5173,12,5,7
5174,10,5,5
5175,15,9,6
5176,9,0,9
5177,17,8,9
5178,7,1,6
5179,8,6,2
5180,5,4,1
5181,5,5,0
5182,15,7,8
5183,11,3,8
5184,13,6,7
5185,12,3,9
5186,7,3,4
5187,10,1,9
5188,1,0,1
5189,7,2,5
5190,6,5,1
5191,16,7,9
5192,6,3,3
5193,7,1,6
5194,10,8,2
5195,7,3,4
5196,12,4,8
5197,7,2,5
5198,4,4,0
5199,15,6,9
5200,11,5,6
5201,10,2,8
5202,8,6,2
5203,11,7,4
5204,11,2,9
5205,12,8,4
5206,7,5,2
5207,12,3,9
5208,11,9,2
5209,9,4,5
5210,5,1,4
5211,7,2,5
5212,16,9,7
5213,9,2,7
5214,9,3,6
5215,6,4,2
5216,2,2,0
5217,6,6,0
5218,7,0,7
5219,7,2,5
5220,8,3,5
5221,9,7,2
5222,9,1,8
5223,3,3,0
5224,14,6,8
5225,3,1,2
5226,15,9,6
5227,7,2,5
5228,10,1,9
5229,0,0,0
5230,8,6,2
5231,5,2,3
5232,13,4,9
5233,9,0,9
5234,9,4,5
5235,9,6,3
5236,7,4,3
5237,6,3,3
5238,7,7,0
5239,12,3,9
5240,14,5,9
5241,10,3,7
5242,14,5,9
5243,5,4,1
5244,7,6,1
5245,3,3,0
5246,10,3,7
5247,10,8,2
5248,6,6,0
5249,9,4,5
5250,14,7,7
5251,4,4,0
5252,13,5,8
5253,10,4,6
5254,8,5,3
5255,9,5,4
5256,14,5,9
5257,4,0,4
5258,7,6,1
5259,12,4,8
5260,5,4,1
5261,1,1,0
5262,6,0,6
5263,7,7,0
5264,2,1,1
5265,12,3,9
5266,12,9,3
5267,14,8,6
5268,4,0,4
5269,16,8,8
5270,13,5,8
5271,8,0,8
5272,7,6,1
5273,3,1,2
5274,8,0,8
5275,7,2,5
5276,3,2,1
5277,10,9,1
5278,17,9,8
5279,9,3,6
5280,10,9,1
5281,11,4,7
5282,11,6,5
5283,13,9,4
5284,11,5,6
5285,13,5,8
5286,13,7,6
5287,11,5,6
5288,3,0,3
5289,5,0,5
5290,6,4,2
5291,11,5,6
5292,13,5,8
5293,6,3,3
5294,10,7,3
5295,9,2,7
5296,7,1,6
5297,10,3,7
5298,13,6,7
5299,16,9,7
5300,6,2,4
5301,14,8,6
5302,9,5,4
5303,5,2,3
5304,10,9,1
5305,11,7,4
5306,10,5,5
5307,13,7,6
5308,6,1,5
5309,10,7,3
5310,6,2,4
5311,10,5,5
5312,4,4,0
5313,0,0,0
5314,11,6,5
5315,8,7,1
5316,13,5,8
5317,8,6,2
5318,13,9,4
5319,11,2,9
5320,7,1,6
5321,14,8,6
5322,10,4,6
5323,7,2,5
5324,10,8,2
5325,8,1,7
5326,16,8,8
5327,8,4,4
5328,5,4,1
5329,9,5,4
5330,2,0,2
5331,15,9,6
5332,12,9,3
5333,15,6,9
5334,4,1,3
5335,3,1,2
5336,10,1,9
5337,9,9,0
5338,11,6,5
5339,9,6,3
5340,2,0,2
5341,11,9,2
5342,2,0,2
5343,18,9,9
5344,5,2,3
5345,16,9,7
5346,5,3,2
5347,6,6,0
5348,3,2,1
5349,6,6,0
5350,9,4,5
5351,10,5,5
5352,7,5,2
5353,6,6,0
5354,12,8,4
5355,2,2,0
5356,4,1,3
5357,13,6,7
5358,9,1,8
5359,10,3,7
5360,7,1,6
5361,3,2,1
5362,5,4,1
5363,12,5,7
5364,8,0,8
5365,9,9,0
5366,10,8,2
5367,9,6,3
5368,17,9,8
5369,6,1,5
5370,10,8,2
5371,6,4,2
5372,11,2,9
5373,10,8,2
5374,10,1,9
5375,11,2,9
5376,9,6,3
5377,4,3,1
5378,15,6,9
5379,9,7,2
5380,17,8,9
5381,16,8,8
5382,9,4,5
5383,7,6,1
5384,9,3,6
5385,4,2,2
5386,9,0,9
5387,15,9,6
5388,9,3,6
5389,5,3,2
5390,5,0,5
5391,14,6,8
5392,6,6,0
5393,11,5,6
5394,9,8,1
5395,14,8,6
5396,7,2,5
5397,9,7,2
5398,11,6,5
5399,10,5,5
5400,14,9,5
5401,12,7,5
5402,9,3,6
5403,1,1,0
5404,11,6,5
5405,6,5,1
5406,10,9,1
5407,9,4,5
5408,13,9,4
5409,14,5,9
5410,11,4,7
5411,5,4,1
5412,14,5,9
5413,12,6,6
5414,9,4,5
5415,12,6,6
5416,12,7,5
5417,7,5,2
5418,10,4,6
5419,10,5,5
5420,10,4,6
5421,13,5,8
5422,17,8,9
5423,9,3,6
5424,12,7,5
5425,11,4,7
5426,8,1,7
5427,13,4,9
5428,17,8,9
5429,2,0,2
5430,13,5,8
5431,11,4,7
5432,13,5,8
5433,7,2,5
5434,5,2,3
5435,12,3,9
5436,10,2,8
5437,12,5,7
5438,10,5,5
5439,17,8,9
5440,17,9,8
5441,5,4,1
5442,7,3,4
5443,9,5,4
5444,9,9,0
5445,7,0,7
5446,8,0,8
5447,8,4,4
5448,10,9,1
5449,6,1,5
5450,17,9,8
5451,6,5,1
5452,13,6,7
5453,12,3,9
5454,13,7,6
5455,9,5,4
5456,12,5,7
5457,8,5,3
5458,12,6,6
5459,7,6,1
5460,12,4,8
5461,7,2,5
5462,13,7,6
5463,12,8,4
5464,2,1,1
5465,8,8,0
5466,12,6,6
5467,12,5,7
5468,16,9,7
5469,3,1,2
5470,14,9,5
5471,7,1,6
5472,15,6,9
5473,12,4,8
5474,11,3,8
5475,16,8,8
5476,7,5,2
5477,18,9,9
5478,9,9,0
5479,13,4,9
5480,10,3,7
5481,18,9,9
5482,9,6,3
5483,9,5,4
5484,10,5,5
5485,1,0,1
5486,14,7,7
5487,8,0,8
5488,15,8,7
5489,10,1,9
5490,11,2,9
5491,17,9,8
5492,8,5,3
5493,8,1,7
5494,9,6,3
5495,9,3,6
5496,9,5,4
5497,13,8,5
5498,9,8,1
5499,6,6,0
5500,16,7,9
5501,17,9,8
5502,10,6,4
5503,14,7,7
5504,14,8,6
5505,2,1,1
5506,15,7,8
5507,4,4,0
5508,6,2,4
5509,8,2,6
5510,13,5,8
5511,18,9,9
5512,15,6,9
5513,7,2,5
5514,4,3,1
5515,18,9,9
5516,4,3,1
5517,4,2,2
5518,2,1,1
5519,6,1,5
5520,4,1,3
5521,10,5,5
5522,14,7,7
5523,3,0,3
5524,3,1,2
5525,13,5,8
5526,13,6,7
5527,8,5,3
5528,15,9,6
5529,9,7,2
5530,9,1,8
5531,11,6,5
5532,11,8,3
5533,13,6,7
5534,4,3,1
5535,12,4,8
5536,12,4,8
5537,10,4,6
5538,9,0,9
5539,3,2,1
5540,17,9,8
5541,10,7,3
5542,7,0,7
5543,5,2,3
5544,8,4,4
5545,13,6,7
5546,8,5,3
5547,7,6,1
5548,13,9,4
5549,13,4,9
5550,15,9,6
5551,4,3,1
5552,11,5,6
5553,7,5,2
5554,5,1,4
5555,0,0,0
5556,12,3,9
5557,11,8,3
5558,16,7,9
5559,5,3,2
5560,5,0,5
5561,14,8,6
5562,5,1,4
5563,8,1,7
5564,9,3,6
5565,8,7,1
5566,10,7,3
5567,6,2,4
5568,12,9,3
5569,6,3,3
5570,4,4,0
5571,15,7,8
5572,8,3,5
5573,6,1,5
5574,9,6,3
5575,7,7,0
5576,6,6,0
5577,5,5,0
5578,14,5,9
5579,8,6,2
5580,16,8,8
5581,11,7,4
5582,16,8,8
5583,8,6,2
5584,2,1,1
5585,12,9,3
5586,17,8,9
5587,7,2,5
5588,12,8,4
5589,1,1,0
5590,9,0,9
5591,8,5,3
5592,15,9,6
5593,3,0,3
5594,10,3,7
5595,8,5,3
5596,15,9,6
5597,10,9,1
5598,13,9,4
5599,1,1,0
5600,8,8,0
5601,14,8,6
5602,8,2,6
5603,4,2,2
5604,8,5,3
5605,3,1,2
5606,17,9,8
5607,2,0,2
5608,8,7,1
5609,3,3,0
5610,17,8,9
5611,4,4,0
5612,7,4,3
5613,8,1,7
5614,7,2,5
5615,9,3,6
5616,7,6,1
5617,4,2,2
5618,11,7,4
5619,2,1,1
5620,5,4,1
5621,13,9,4
5622,4,3,1
5623,1,1,0
5624,9,2,7
5625,11,4,7
5626,2,0,2
5627,13,6,7
5628,4,2,2
5629,14,8,6
5630,6,5,1
5631,5,3,2
5632,5,2,3
5633,2,2,0
5634,17,9,8
5635,4,0,4
5636,13,8,5
5637,10,4,6
5638,10,3,7
5639,17,9,8
5640,0,0,0
5641,16,9,7
5642,1,1,0
5643,13,4,9
5644,8,0,8
5645,9,5,4
5646,7,3,4
5647,12,8,4
5648,4,1,3
5649,7,4,3
5650,7,7,0
5651,8,3,5
5652,15,8,7
5653,8,4,4
5654,11,7,4
5655,11,4,7
5656,8,7,1
5657,3,0,3
5658,17,8,9
5659,6,6,0
5660,4,3,1
5661,1,1,0
5662,2,1,1
5663,15,9,6
5664,2,0,2
5665,6,1,5
5666,6,6,0
5667,15,8,7
5668,14,7,7
5669,8,4,4
5670,8,2,6
5671,10,7,3
5672,7,5,2
5673,11,5,6
5674,10,3,7
5675,6,0,6
5676,4,2,2
5677,3,3,0
5678,6,3,3
5679,8,8,0
5680,15,9,6
5681,6,5,1
5682,6,2,4
5683,8,6,2
5684,14,6,8
5685,9,8,1
5686,11,6,5
5687,6,1,5
5688,8,8,0
5689,12,6,6
5690,10,5,5
5691,11,7,4
5692,8,0,8
5693,9,4,5
5694,4,0,4
5695,2,0,2
5696,7,2,5
5697,12,3,9
5698,7,4,3
5699,12,8,4
5700,7,3,4
5701,3,0,3
5702,2,0,2
5703,7,7,0
5704,10,7,3
5705,11,5,6
5706,10,9,1
5707,5,5,0
5708,10,7,3
5709,6,6,0
5710,7,4,3
5711,2,0,2
5712,5,5,0
5713,10,6,4
5714,7,3,4
5715,3,2,1
5716,5,5,0
5717,8,6,2
5718,6,4,2
5719,8,5,3
5720,8,2,6
5721,12,6,6
5722,12,6,6
5723,14,6,8
5724,14,5,9
5725,7,5,2
5726,3,0,3
5727,6,3,3
5728,14,5,9
5729,10,2,8
5730,9,5,4
5731,11,3,8
5732,3,3,0
5733,8,5,3
5734,5,0,5
5735,15,8,7
5736,9,7,2
5737,4,1,3
5738,8,4,4
5739,3,0,3
5740,9,1,8
5741,11,6,5
5742,9,0,9
5743,12,3,9
5744,11,6,5
5745,15,9,6
5746,10,5,5
5747,13,5,8
5748,12,4,8
5749,3,3,0
5750,14,6,8
5751,12,4,8
5752,14,6,8
5753,11,3,8
5754,17,8,9
5755,14,8,6
5756,5,2,3
5757,5,0,5
5758,10,3,7
5759,10,8,2
5760,9,7,2
5761,10,7,3
5762,4,1,3
5763,7,0,7
5764,18,9,9
5765,14,7,7
5766,5,4,1
5767,3,2,1
5768,6,3,3
5769,5,0,5
5770,4,3,1
5771,3,3,0
5772,16,7,9
5773,15,8,7
5774,5,0,5
5775,9,5,4
5776,11,2,9
5777,9,7,2
5778,1,0,1
5779,11,8,3
5780,8,6,2
5781,14,7,7
5782,10,1,9
5783,6,4,2
5784,4,3,1
5785,9,2,7
5786,11,3,8
5787,7,6,1
5788,8,5,3
5789,9,9,0
5790,13,6,7
5791,10,6,4
5792,8,1,7
5793,2,1,1
5794,6,0,6
5795,10,2,8
5796,3,1,2
5797,6,1,5
5798,17,9,8
5799,17,8,9
5800,12,8,4
5801,15,6,9
5802,5,0,5
5803,16,9,7
5804,15,9,6
5805,9,9,0
5806,11,9,2
5807,13,9,4
5808,6,2,4
5809,15,7,8
5810,13,9,4
5811,8,4,4
5812,6,5,1
5813,10,5,5
5814,12,9,3
5815,14,9,5
5816,11,7,4
5817,15,6,9
5818,6,6,0
5819,9,5,4
5820,5,2,3
5821,9,9,0
5822,7,2,5
5823,11,7,4
5824,9,5,4
5825,8,6,2
5826,4,1,3
5827,7,2,5
5828,4,0,4
5829,7,2,5
5830,10,2,8
5831,5,3,2
5832,9,0,9
5833,10,6,4
5834,5,0,5
5835,15,6,9
5836,13,5,8
5837,5,2,3
5838,13,4,9
5839,16,8,8
5840,9,7,2
5841,12,5,7
5842,7,6,1
5843,9,7,2
5844,10,9,1
5845,11,8,3
5846,12,5,7
5847,10,3,7
5848,5,5,0
5849,8,5,3
5850,12,4,8
5851,7,3,4
5852,10,9,1
5853,9,8,1
5854,8,4,4
5855,9,6,3
5856,11,3,8
5857,10,5,5
5858,4,0,4
5859,10,3,7
5860,13,7,6
5861,12,4,8
5862,8,0,8
5863,9,2,7
5864,16,9,7
5865,11,8,3
5866,18,9,9
5867,9,4,5
5868,6,0,6
5869,9,1,8
5870,6,0,6
5871,9,8,1
5872,11,2,9
5873,9,3,6
5874,11,6,5
5875,11,8,3
5876,3,3,0
5877,6,4,2
5878,13,9,4
5879,9,0,9
5880,11,4,7
5881,9,5,4
5882,5,1,4
5883,10,7,3
5884,0,0,0
5885,11,6,5
5886,13,5,8
5887,6,4,2
5888,7,6,1
5889,17,8,9
5890,13,4,9
5891,18,9,9
5892,9,1,8
5893,6,6,0
5894,16,9,7
5895,17,9,8
5896,10,4,6
5897,13,6,7
5898,13,4,9
5899,3,0,3
5900,17,8,9
5901,14,9,5
5902,10,8,2
5903,4,2,2
5904,6,0,6
5905,9,1,8
5906,13,8,5
5907,4,2,2
5908,12,6,6
5909,9,3,6
5910,13,4,9
5911,1,1,0
5912,13,6,7
5913,7,4,3
5914,11,5,6
5915,3,0,3
5916,4,3,1
5917,10,3,7
5918,8,2,6
5919,7,5,2
5920,10,9,1
5921,10,4,6
5922,15,7,8
5923,9,0,9
5924,2,1,1
5925,7,6,1
5926,4,4,0
5927,8,3,5
5928,12,7,5
5929,9,3,6
5930,12,5,7
5931,2,0,2
5932,14,6,8
5933,9,2,7
5934,6,0,6
5935,4,4,0
5936,7,1,6
5937,10,1,9
5938,12,4,8
5939,10,6,4
5940,5,5,0
5941,9,8,1
5942,5,5,0
5943,2,1,1
5944,9,3,6
5945,15,9,6
5946,12,6,6
5947,12,6,6
5948,6,1,5
5949,10,8,2
5950,15,7,8
5951,15,9,6
5952,13,7,6
5953,11,3,8
5954,13,5,8
5955,7,2,5
5956,4,3,1
5957,10,9,1
5958,10,3,7
5959,7,1,6
5960,7,7,0
5961,6,3,3
5962,14,6,8
5963,6,4,2
5964,4,0,4
5965,10,9,1
5966,10,8,2
5967,7,1,6
5968,14,9,5
5969,11,8,3
5970,7,1,6
5971,16,7,9
5972,8,1,7
5973,8,4,4
5974,16,7,9
5975,12,5,7
5976,2,1,1
5977,11,5,6
5978,7,6,1
5979,13,4,9
5980,14,6,8
5981,11,4,7
5982,3,2,1
5983,10,4,6
5984,15,8,7
5985,15,7,8
5986,8,1,7
5987,6,6,0
5988,15,6,9
5989,13,6,7
5990,10,7,3
5991,16,7,9
5992,15,8,7
5993,15,8,7
5994,12,7,5
5995,7,1,6
5996,4,3,1
5997,3,0,3
5998,9,1,8
5999,6,4,2
6000,18,9,9
6001,5,5,0
6002,11,4,7
6003,12,7,5
6004,7,4,3
6005,1,0,1
6006,15,9,6
6007,8,3,5
6008,14,8,6
6009,9,9,0
6010,3,3,0
6011,8,1,7
6012,9,1,8
6013,11,4,7
6014,11,5,6
6015,11,2,9
6016,7,0,7
6017,13,5,8
6018,11,5,6
6019,10,9,1
6020,13,4,9
6021,1,1,0
6022,8,1,7
6023,15,8,7
6024,12,6,6
6025,15,6,9
6026,16,7,9
6027,4,1,3
6028,13,8,5
6029,8,5,3
6030,12,8,4
6031,7,6,1
6032,1,0,1
6033,6,5,1
6034,11,7,4
6035,15,8,7
6036,16,8,8
6037,16,9,7
6038,15,8,7
6039,7,6,1
6040,1,1,0
6041,4,3,1
6042,7,7,0
6043,12,4,8
6044,7,5,2
6045,6,1,5
6046,7,0,7
6047,8,8,0
6048,15,6,9
6049,13,8,5
6050,10,3,7
6051,11,4,7
6052,14,6,8
6053,7,5,2
6054,9,7,2
6055,16,8,8
6056,8,0,8
6057,10,5,5
6058,11,6,5
6059,9,0,9
6060,10,6,4
6061,7,0,7
6062,5,3,2
6063,5,0,5
6064,5,1,4
6065,3,0,3
6066,8,6,2
6067,12,4,8
6068,10,7,3
6069,2,0,2
6070,12,8,4
6071,16,9,7
6072,7,3,4
6073,11,4,7
6074,12,4,8
6075,13,4,9
6076,9,7,2
6077,5,4,1
6078,9,1,8
6079,10,3,7
6080,8,3,5
6081,4,2,2
6082,5,5,0
6083,14,5,9
6084,6,6,0
6085,5,4,1
6086,10,4,6
6087,1,0,1
6088,13,9,4
6089,3,1,2
6090,6,0,6
6091,5,2,3
6092,6,2,4
6093,2,0,2
6094,6,4,2
6095,9,8,1
6096,7,3,4
6097,10,3,7
6098,8,6,2
6099,9,2,7
6100,3,3,0
6101,9,6,3
6102,0,0,0
6103,5,1,4
6104,9,3,6
6105,5,5,0
6106,5,3,2
6107,11,5,6
6108,12,4,8
6109,4,0,4
6110,14,8,6
6111,9,8,1
6112,8,0,8
6113,4,4,0
6114,4,2,2
6115,12,5,7
6116,1,0,1
6117,8,5,3
6118,12,5,7
6119,5,3,2
6120,15,7,8
6121,7,0,7
6122,5,2,3
6123,14,9,5
6124,14,9,5
6125,8,6,2
6126,17,8,9
6127,6,6,0
6128,14,9,5
6129,10,8,2
6130,9,7,2
6131,5,1,4
6132,15,9,6
6133,17,9,8
6134,6,0,6
6135,9,8,1
6136,7,5,2
6137,10,4,6
6138,9,2,7
6139,10,9,1
6140,3,1,2
6141,12,7,5
6142,16,9,7
6143,13,7,6
6144,4,2,2
6145,6,5,1
6146,8,3,5
6147,12,9,3
6148,7,7,0
6149,16,9,7
6150,13,5,8
6151,8,7,1
6152,9,3,6
6153,12,7,5
6154,6,5,1
6155,9,3,6
6156,2,1,1
6157,13,5,8
6158,13,8,5
6159,13,4,9
6160,16,7,9
6161,4,3,1
6162,12,6,6
6163,7,1,6
6164,4,1,3
6165,14,6,8
6166,9,8,1
6167,12,3,9
6168,7,1,6
6169,8,4,4
6170,5,1,4
6171,16,9,7
6172,2,2,0
6173,13,7,6
6174,15,6,9
6175,15,7,8
6176,11,3,8
6177,1,1,0
6178,11,5,6
6179,13,6,7
6180,15,7,8
6181,7,0,7
6182,9,6,3
6183,6,6,0
6184,8,7,1
6185,9,2,7
6186,7,5,2
6187,11,7,4
6188,13,6,7
6189,7,0,7
6190,7,3,4
6191,1,1,0
6192,6,2,4
6193,3,2,1
6194,9,8,1
6195,14,5,9
6196,5,4,1
6197,14,9,5
6198,1,0,1
6199,17,9,8
6200,7,3,4
6201,14,7,7
6202,4,2,2
6203,10,5,5
6204,3,3,0
6205,4,1,3
6206,14,7,7
6207,3,1,2
6208,10,7,3
6209,2,0,2
6210,13,7,6
6211,4,2,2
6212,7,1,6
6213,5,0,5
6214,14,9,5
6215,13,7,6
6216,9,3,6
6217,14,5,9
6218,18,9,9
6219,8,8,0
6220,11,9,2
6221,14,9,5
6222,9,0,9
6223,7,2,5
6224,17,8,9
6225,13,9,4
6226,5,1,4
6227,3,0,3
6228,1,1,0
6229,5,3,2
6230,11,3,8
6231,4,3,1
6232,8,0,8
6233,8,5,3
6234,7,5,2
6235,12,4,8
6236,9,2,7
6237,8,2,6
6238,2,0,2
6239,7,0,7
6240,12,6,6
6241,13,9,4
6242,9,1,8
6243,14,8,6
6244,7,0,7
6245,9,3,6
6246,2,1,1
6247,16,9,7
6248,7,3,4
6249,12,4,8
6250,9,1,8
6251,12,3,9
6252,8,8,0
6253,9,0,9
6254,4,0,4
6255,7,6,1
6256,16,9,7
6257,5,3,2
6258,7,6,1
6259,17,9,8
6260,16,9,7
6261,6,2,4
6262,16,9,7
6263,6,5,1
6264,5,4,1
6265,10,7,3
6266,17,8,9
6267,10,5,5
6268,11,8,3
6269,10,4,6
6270,18,9,9
6271,10,8,2
6272,2,2,0
6273,11,4,7
6274,15,9,6
6275,6,3,3
6276,4,1,3
6277,15,8,7
6278,12,8,4
6279,2,0,2
6280,6,4,2
6281,10,1,9
6282,13,8,5
6283,7,0,7
6284,10,2,8
6285,14,7,7
6286,3,0,3
6287,11,5,6
6288,16,7,9
6289,9,2,7
6290,2,2,0
6291,9,4,5
6292,7,6,1
6293,11,9,2
6294,10,4,6
6295,9,6,3
6296,9,4,5
6297,12,7,5
6298,16,9,7
6299,12,7,5
6300,9,6,3
6301,5,5,0
6302,3,1,2
6303,12,6,6
6304,2,2,0
6305,13,4,9
6306,11,4,7
6307,12,4,8
6308,2,1,1
6309,17,9,8
6310,11,4,7
6311,12,3,9
6312,15,9,6
6313,17,9,8
6314,16,7,9
6315,2,0,2
6316,11,8,3
6317,7,2,5
6318,8,6,2
6319,2,2,0
6320,10,9,1
6321,10,4,6
6322,13,8,5
6323,5,4,1
6324,10,6,4
6325,10,5,5
6326,11,7,4
6327,15,9,6
6328,10,4,6
6329,11,3,8
6330,11,2,9
6331,11,9,2
6332,10,5,5
6333,5,0,5
6334,13,5,8
6335,13,6,7
6336,4,2,2
6337,12,5,7
6338,14,6,8
6339,13,8,5
6340,5,2,3
6341,3,1,2
6342,10,9,1
6343,8,0,8
6344,13,4,9
6345,10,7,3
6346,18,9,9
6347,10,6,4
6348,18,9,9
6349,11,3,8
6350,7,1,6
6351,6,6,0
6352,10,4,6
6353,6,5,1
6354,16,9,7
6355,16,7,9
6356,6,5,1
6357,6,5,1
6358,10,4,6
6359,10,3,7
6360,4,3,1
6361,8,0,8
6362,1,0,1
6363,9,6,3
6364,11,3,8
6365,6,1,5
6366,10,1,9
6367,4,1,3
6368,8,4,4
6369,13,7,6
6370,8,8,0
6371,9,5,4
6372,1,0,1
6373,16,7,9
6374,11,5,6
6375,9,8,1
6376,6,0,6
6377,11,8,3
6378,8,5,3
6379,10,6,4
6380,15,8,7
6381,9,2,7
6382,8,5,3
6383,10,1,9
6384,9,0,9
6385,11,6,5
6386,6,2,4
6387,9,8,1
6388,16,9,7
6389,13,4,9
6390,6,2,4
6391,16,9,7
6392,17,8,9
6393,6,4,2
6394,3,0,3
6395,18,9,9
6396,12,8,4
6397,9,1,8
6398,2,2,0
6399,18,9,9
6400,12,3,9
6401,5,0,5
6402,12,9,3
6403,6,2,4
6404,7,5,2
6405,7,6,1
6406,8,6,2
6407,14,7,7
6408,6,5,1
6409,7,7,0
6410,12,4,8
6411,9,5,4
6412,4,2,2
6413,3,3,0
6414,11,8,3
6415,11,7,4
6416,7,5,2
6417,12,4,8
6418,9,6,3
6419,10,2,8
6420,9,2,7
6421,16,7,9
6422,9,3,6
6423,10,2,8
6424,6,1,5
6425,7,3,4
6426,14,6,8
6427,12,6,6
6428,6,2,4
6429,7,3,4
6430,6,2,4
6431,6,4,2
6432,11,6,5
6433,11,5,6
6434,14,6,8
6435,15,7,8
6436,12,7,5
6437,15,9,6
6438,8,5,3
6439,2,0,2
6440,5,2,3
6441,0,0,0
6442,2,0,2
6443,18,9,9
6444,17,8,9
6445,15,8,7
6446,1,0,1
6447,3,1,2
6448,9,7,2
6449,12,6,6
6450,7,6,1
6451,7,2,5
6452,10,1,9
6453,6,4,2
6454,9,1,8
6455,8,6,2
6456,8,4,4
6457,6,2,4
6458,4,1,3
6459,8,8,0
6460,2,2,0
6461,11,6,5
6462,9,3,6
6463,10,7,3
6464,4,0,4
6465,10,9,1
6466,4,4,0
6467,3,2,1
6468,12,7,5
6469,13,9,4
6470,10,8,2
6471,9,3,6
6472,15,7,8
6473,15,7,8
6474,16,9,7
6475,7,1,6
6476,18,9,9
6477,4,3,1
6478,9,8,1
6479,10,3,7
6480,11,2,9
6481,12,7,5
6482,10,8,2
6483,8,4,4
6484,8,5,3
6485,1,1,0
6486,9,9,0
6487,8,1,7
6488,15,7,8
6489,9,0,9
6490,7,2,5
6491,14,8,6
6492,3,3,0
6493,14,6,8
6494,9,1,8
6495,8,3,5
6496,12,6,6
6497,10,6,4
6498,17,9,8
6499,9,1,8
6500,9,1,8
6501,15,8,7
6502,7,5,2
6503,13,6,7
6504,10,7,3
6505,1,0,1
6506,11,3,8
6507,3,1,2
6508,6,0,6
6509,4,4,0
6510,4,2,2
6511,3,0,3
6512,13,7,6
6513,18,9,9
6514,8,5,3
6515,11,8,3
6516,4,3,1
6517,5,1,4
6518,12,3,9
6519,15,6,9
6520,5,1,4
6521,16,7,9
6522,7,6,1
6523,11,5,6
6524,11,7,4
6525,6,0,6
6526,13,7,6
6527,13,7,6
6528,16,7,9
6529,9,4,5
6530,4,0,4
6531,10,4,6
6532,11,2,9
6533,1,0,1
6534,0,0,0
6535,10,8,2
6536,6,3,3
6537,13,7,6
6538,10,9,1
6539,15,9,6
6540,13,4,9
6541,13,9,4
6542,9,1,8
6543,10,5,5
6544,5,5,0
6545,10,4,6
6546,9,8,1
6547,6,2,4
6548,6,2,4
6549,10,8,2
6550,9,5,4
6551,11,9,2
6552,12,6,6
6553,4,2,2
6554,8,5,3
6555,11,8,3
6556,14,9,5
6557,12,3,9
6558,18,9,9
6559,12,8,4
6560,14,9,5
6561,9,0,9
6562,14,8,6
6563,9,7,2
6564,14,5,9
6565,10,9,1
6566,7,0,7
6567,16,9,7
6568,7,3,4
6569,9,1,8
6570,9,7,2
6571,15,7,8
6572,11,8,3
6573,6,1,5
6574,5,4,1
6575,10,7,3
6576,3,0,3
6577,10,1,9
6578,13,8,5
6579,8,1,7
6580,3,3,0
6581,0,0,0
6582,9,0,9
6583,4,1,3
6584,3,3,0
6585,10,5,5
6586,14,7,7
6587,12,5,7
6588,13,4,9
6589,4,3,1
6590,3,3,0
6591,13,9,4
6592,15,6,9
6593,9,9,0
6594,6,5,1
6595,9,3,6
6596,7,4,3
6597,5,4,1
6598,12,4,8
6599,12,4,8
6600,8,3,5
6601,14,9,5
6602,5,1,4
6603,4,0,4
6604,10,7,3
6605,6,3,3
6606,11,7,4
6607,8,2,6
6608,8,7,1
6609,3,2,1
6610,14,5,9
6611,4,3,1
6612,9,3,6
6613,16,8,8
6614,17,9,8
6615,11,2,9
6616,8,1,7
6617,4,1,3
6618,9,2,7
6619,9,4,5
6620,4,3,1
6621,1,0,1
6622,11,6,5
6623,8,0,8
6624,7,5,2
6625,3,0,3
6626,8,7,1
6627,8,1,7
6628,13,4,9
6629,1,0,1
6630,8,8,0
6631,6,4,2
6632,10,6,4
6633,5,3,2
6634,8,3,5
6635,15,8,7
6636,12,5,7
6637,5,3,2
6638,8,7,1
6639,10,5,5
6640,5,1,4
6641,13,8,5
6642,10,5,5
6643,16,9,7
6644,4,2,2
6645,16,8,8
6646,9,4,5
6647,11,9,2
6648,15,7,8
6649,4,4,0
6650,8,4,4
6651,9,3,6
6652,8,4,4
6653,11,3,8
6654,7,6,1
6655,12,7,5
6656,12,5,7
6657,6,0,6
6658,8,3,5
6659,3,3,0
6660,14,7,7
6661,12,6,6
6662,7,2,5
6663,3,1,2
6664,2,2,0
6665,10,3,7
6666,5,3,2
6667,8,0,8
6668,9,5,4
6669,14,5,9
6670,11,7,4
6671,6,0,6
6672,17,8,9
6673,10,6,4
6674,16,9,7
6675,15,9,6
6676,11,5,6
6677,13,7,6
6678,8,4,4
6679,9,2,7
6680,1,0,1
6681,5,2,3
6682,8,6,2
6683,12,3,9
6684,16,7,9
6685,2,2,0
6686,18,9,9
6687,1,0,1
6688,13,4,9
6689,18,9,9
6690,4,4,0
6691,4,4,0
6692,13,5,8
6693,3,3,0
6694,10,5,5
6695,8,3,5
6696,14,5,9
6697,9,9,0
6698,14,8,6
6699,11,8,3
6700,8,4,4
6701,13,8,5
6702,1,1,0
6703,3,3,0
6704,15,9,6
6705,13,9,4
6706,4,1,3
6707,10,2,8
6708,10,3,7
6709,10,1,9
6710,12,6,6
6711,8,8,0
6712,10,6,4
6713,14,6,8
6714,8,2,6
6715,7,7,0
6716,11,4,7
6717,5,4,1
6718,2,0,2
6719,13,7,6
6720,3,1,2
6721,7,4,3
6722,5,5,0
6723,14,9,5
6724,2,1,1
6725,13,6,7
6726,8,6,2
6727,11,8,3
6728,11,3,8
6729,18,9,9
6730,9,8,1
6731,18,9,9
6732,14,8,6
6733,12,8,4
6734,1,0,1
6735,8,4,4
6736,12,9,3
6737,8,1,7
6738,4,2,2
6739,10,8,2
6740,7,7,0
6741,12,8,4
6742,10,4,6
6743,9,1,8
6744,11,8,3
6745,7,6,1
6746,2,1,1
6747,7,0,7
6748,6,4,2
6749,10,4,6
6750,2,2,0
6751,9,3,6
6752,8,0,8
6753,5,1,4
6754,5,5,0
6755,5,4,1
6756,10,6,4
6757,5,1,4
6758,13,5,8
6759,8,0,8
6760,12,9,3
6761,16,8,8
6762,1,1,0
6763,10,5,5
6764,13,6,7
6765,12,7,5
6766,9,0,9
6767,5,4,1
6768,4,1,3
6769,3,3,0
6770,8,6,2
6771,7,0,7
6772,10,2,8
6773,2,2,0
6774,12,8,4
6775,8,2,6
6776,7,4,3
6777,10,1,9
6778,9,5,4
6779,15,6,9
6780,10,6,4
6781,4,3,1
6782,11,6,5
6783,10,9,1
6784,17,9,8
6785,15,9,6
6786,5,3,2
6787,9,5,4
6788,15,6,9
6789,9,0,9
6790,10,5,5
6791,9,9,0
6792,7,1,6
6793,9,6,3
6794,8,4,4
6795,6,6,0
6796,10,6,4
6797,9,8,1
6798,8,5,3
6799,2,0,2
6800,9,2,7
6801,9,4,5
6802,13,8,5
6803,9,4,5
6804,8,7,1
6805,3,0,3
6806,9,2,7
6807,4,4,0
6808,7,2,5
6809,9,6,3
6810,16,8,8
6811,1,1,0
6812,5,3,2
6813,8,3,5
6814,8,6,2
6815,16,8,8
6816,17,9,8
6817,15,7,8
6818,11,5,6
6819,15,8,7
6820,5,2,3
6821,8,6,2
6822,6,5,1
6823,4,3,1
6824,11,4,7
6825,13,6,7
6826,13,6,7
6827,3,3,0
6828,2,2,0
6829,11,4,7
6830,10,2,8
6831,12,5,7
6832,8,8,0
6833,9,7,2
6834,7,3,4
6835,6,2,4
6836,3,3,0
6837,8,0,8
6838,6,1,5
6839,9,4,5
6840,2,2,0
6841,9,7,2
6842,12,6,6
6843,2,1,1
6844,11,9,2
6845,4,2,2
6846,5,3,2
6847,9,4,5
6848,6,3,3
6849,3,0,3
6850,13,5,8
6851,3,2,1
6852,7,2,5
6853,7,0,7
6854,3,2,1
6855,4,1,3
6856,5,0,5
6857,7,1,6
6858,7,5,2
6859,5,3,2
6860,15,6,9
6861,14,6,8
6862,9,5,4
6863,15,7,8
6864,16,7,9
6865,2,1,1
6866,10,1,9
6867,9,2,7
6868,5,0,5
6869,1,0,1
6870,8,5,3
6871,11,6,5
6872,5,1,4
6873,8,4,4
6874,8,2,6
6875,4,4,0
6876,14,7,7
6877,9,4,5
6878,10,1,9
6879,10,9,1
6880,7,3,4
6881,17,8,9
6882,12,8,4
6883,8,1,7
6884,8,1,7
6885,11,9,2
6886,7,0,7
6887,7,2,5
6888,9,3,6
6889,8,6,2
6890,7,6,1
6891,7,6,1
6892,2,1,1
6893,1,1,0
6894,1,1,0
6895,12,6,6
6896,2,2,0
6897,2,0,2
6898,3,3,0
6899,8,3,5
6900,9,8,1
6901,8,2,6
6902,7,3,4
6903,10,8,2
6904,6,1,5
6905,9,8,1
6906,17,9,8
6907,4,4,0
6908,4,4,0
6909,0,0,0
6910,3,0,3
6911,14,5,9
6912,9,5,4
6913,10,3,7
6914,5,4,1
6915,2,1,1
6916,5,4,1
6917,9,5,4
6918,5,2,3
6919,10,4,6
6920,15,8,7
6921,9,9,0
6922,13,5,8
6923,6,0,6
6924,7,2,5
6925,3,3,0
6926,5,2,3
6927,11,6,5
6928,14,6,8
6929,9,7,2
6930,7,5,2
6931,7,3,4
6932,14,9,5
6933,4,0,4
6934,7,2,5
6935,10,4,6
6936,12,9,3
6937,12,7,5
6938,15,9,6
6939,10,3,7
6940,15,7,8
6941,7,0,7
6942,10,4,6
6943,11,4,7
6944,2,0,2
6945,14,9,5
6946,9,5,4
6947,9,5,4
6948,7,0,7
6949,5,5,0
6950,7,0,7
6951,7,7,0
6952,5,0,5
6953,9,9,0
6954,4,1,3
6955,17,8,9
6956,8,4,4
6957,14,7,7
6958,4,3,1
6959,13,4,9
6960,16,9,7
6961,2,2,0
6962,0,0,0
6963,10,1,9
6964,7,7,0
6965,4,1,3
6966,10,1,9
6967,12,9,3
6968,13,9,4
6969,10,8,2
6970,14,7,7
6971,8,2,6
6972,8,2,6
6973,12,8,4
6974,7,3,4
6975,11,3,8
6976,13,8,5
6977,7,5,2
6978,7,2,5
6979,16,8,8
6980,8,6,2
6981,12,5,7
6982,12,4,8
6983,17,8,9
6984,13,8,5
6985,3,1,2
6986,5,4,1
6987,12,6,6
6988,17,8,9
6989,14,7,7
6990,15,9,6
6991,12,3,9
6992,9,7,2
6993,14,7,7
6994,4,3,1
6995,12,8,4
6996,10,2,8
6997,8,8,0
6998,7,5,2
6999,9,1,8
7000,9,6,3
7001,9,1,8
7002,10,2,8
7003,6,1,5
7004,9,2,7
7005,11,8,3
7006,9,1,8
7007,3,2,1
7008,6,3,3
7009,3,3,0
7010,2,2,0
7011,9,6,3
7012,7,0,7
7013,9,2,7
7014,8,3,5
7015,10,9,1
7016,8,5,3
7017,12,9,3
7018,5,5,0
7019,10,2,8
7020,6,1,5
7021,14,5,9
7022,9,3,6
7023,7,2,5
7024,2,0,2
7025,14,8,6
7026,9,9,0
7027,14,5,9
7028,1,1,0
7029,13,7,6
7030,4,3,1
7031,18,9,9
7032,10,4,6
7033,7,6,1
7034,5,2,3
7035,3,0,3
7036,16,9,7
7037,10,5,5
7038,4,2,2
7039,8,4,4
7040,7,2,5
7041,6,0,6
7042,11,3,8
7043,2,0,2
7044,7,1,6
7045,15,7,8
7046,8,7,1
7047,5,2,3
7048,12,6,6
7049,6,1,5
7050,15,7,8
7051,6,0,6
7052,6,0,6
7053,7,2,5
7054,11,7,4
7055,13,4,9
7056,11,8,3
7057,6,2,4
7058,18,9,9
7059,8,7,1
7060,11,7,4
7061,9,8,1
7062,16,9,7
7063,12,7,5
7064,10,4,6
7065,10,4,6
7066,6,0,6
7067,17,8,9
7068,0,0,0
7069,12,8,4
7070,14,5,9
7071,8,2,6
7072,6,5,1
7073,9,1,8
7074,11,3,8
7075,10,9,1
7076,9,6,3
7077,10,2,8
7078,1,1,0
7079,4,0,4
7080,10,1,9
7081,3,2,1
7082,6,1,5
7083,11,7,4
7084,5,4,1
7085,13,6,7
7086,9,2,7
7087,12,9,3
7088,11,2,9
7089,12,4,8
7090,8,1,7
7091,8,2,6
7092,9,1,8
7093,11,8,3
7094,7,3,4
7095,1,0,1
7096,7,5,2
7097,16,9,7
7098,10,1,9
7099,13,5,8
7100,7,3,4
7101,8,4,4
7102,7,1,6
7103,6,2,4
7104,3,0,3
7105,14,6,8
7106,2,2,0
7107,14,8,6
7108,4,2,2
7109,7,0,7
7110,9,8,1
7111,6,0,6
7112,15,6,9
7113,15,8,7
7114,13,5,8
7115,11,4,7
7116,12,9,3
7117,2,1,1
7118,7,6,1
7119,16,7,9
7120,13,9,4
7121,7,6,1
7122,11,5,6
7123,5,3,2
7124,9,9,0
7125,8,1,7
7126,5,0,5
7127,4,4,0
7128,10,6,4
7129,13,9,4
7130,7,7,0
7131,8,4,4
7132,9,5,4
7133,11,7,4
7134,6,0,6
7135,15,8,7
7136,5,0,5
7137,16,8,8
7138,12,8,4
7139,14,7,7
7140,10,4,6
7141,11,4,7
7142,8,1,7
7143,13,7,6
7144,10,9,1
7145,10,2,8
7146,8,8,0
7147,9,3,6
7148,9,2,7
7149,8,0,8
7150,5,2,3
7151,12,5,7
7152,7,6,1
7153,3,1,2
7154,13,5,8
7155,14,8,6
7156,5,1,4
7157,8,6,2
7158,3,3,0
7159,8,1,7
7160,11,3,8
7161,2,1,1
7162,3,0,3
7163,14,5,9
7164,10,7,3
7165,11,5,6
7166,4,4,0
7167,14,7,7
7168,6,0,6
7169,7,1,6
7170,10,7,3
7171,5,3,2
7172,9,2,7
7173,14,8,6
7174,2,0,2
7175,8,1,7
7176,14,7,7
7177,4,2,2
7178,17,8,9
7179,17,9,8
7180,6,0,6
7181,12,9,3
7182,1,0,1
7183,13,4,9
7184,10,5,5
7185,12,9,3
7186,11,3,8
7187,8,2,6
7188,5,3,2
7189,15,6,9
7190,1,1,0
7191,8,2,6
7192,11,3,8
7193,11,6,5
7194,13,7,6
7195,5,3,2
7196,8,3,5
7197,8,3,5
7198,16,8,8
7199,5,5,0
7200,6,0,6
7201,14,9,5
7202,14,5,9
7203,9,4,5
7204,9,7,2
7205,6,6,0
7206,13,4,9
7207,9,4,5
7208,10,1,9
7209,9,3,6
7210,9,4,5
7211,10,1,9
7212,10,5,5
7213,4,0,4
7214,15,9,6
7215,12,5,7
7216,8,0,8
7217,11,7,4
7218,5,4,1
7219,8,6,2
7220,12,3,9
7221,4,4,0
7222,14,8,6
7223,9,6,3
7224,9,8,1
7225,16,9,7
7226,4,3,1
7227,8,1,7
7228,9,4,5
7229,5,5,0
7230,9,4,5
7231,6,0,6
7232,7,0,7
7233,12,7,5
7234,9,0,9
7235,15,8,7
7236,7,0,7
7237,8,4,4
7238,9,2,7
7239,17,9,8
7240,13,8,5
7241,10,3,7
7242,11,4,7
7243,4,4,0
7244,10,5,5
7245,10,7,3
7246,17,8,9
7247,8,7,1
7248,9,1,8
7249,3,0,3
7250,8,2,6
7251,9,4,5
7252,9,6,3
7253,2,0,2
7254,8,3,5
7255,16,7,9
7256,8,4,4
7257,10,8,2
7258,7,6,1
7259,6,0,6
7260,7,0,7
7261,10,9,1
7262,4,0,4
7263,15,6,9
7264,7,3,4
7265,12,9,3
7266,2,1,1
7267,4,4,0
7268,14,6,8
7269,4,4,0
7270,10,9,1
7271,17,8,9
7272,10,8,2
7273,1,0,1
7274,17,9,8
7275,18,9,9
7276,5,5,0
7277,6,4,2
7278,10,2,8
7279,10,5,5
7280,5,3,2
7281,8,2,6
7282,12,7,5
7283,10,7,3
7284,5,3,2
7285,16,7,9
7286,5,1,4
7287,9,0,9
7288,9,3,6
7289,11,2,9
7290,16,9,7
7291,13,8,5
7292,10,1,9
7293,13,8,5
7294,11,7,4
7295,6,6,0
7296,2,0,2
7297,11,3,8
7298,0,0,0
7299,5,5,0
7300,9,4,5
7301,4,3,1
7302,13,4,9
7303,17,8,9
7304,7,6,1
7305,0,0,0
7306,9,9,0
7307,3,2,1
7308,9,0,9
7309,12,4,8
7310,13,6,7
7311,4,4,0
7312,9,5,4
7313,13,8,5
7314,11,3,8
7315,11,8,3
7316,9,2,7
7317,14,6,8
7318,9,8,1
7319,12,3,9
7320,7,0,7
7321,13,9,4
7322,11,6,5
7323,2,1,1
7324,14,7,7
7325,12,6,6
7326,17,8,9
7327,16,8,8
7328,14,6,8
7329,3,3,0
7330,6,3,3
7331,1,1,0
7332,15,7,8
7333,8,6,2
7334,6,0,6
7335,2,0,2
7336,3,2,1
7337,3,2,1
7338,6,4,2
7339,14,7,7
7340,2,0,2
7341,4,2,2
7342,8,3,5
7343,14,6,8
7344,3,3,0
7345,8,4,4
7346,11,2,9
7347,15,7,8
7348,15,7,8
7349,16,9,7
7350,8,7,1
7351,18,9,9
7352,16,8,8
7353,12,3,9
7354,0,0,0
7355,9,6,3
7356,15,9,6
7357,7,5,2
7358,5,0,5
7359,11,4,7
7360,15,6,9
7361,2,1,1
7362,6,4,2
7363,9,4,5
7364,14,7,7
7365,13,6,7
7366,14,8,6
7367,2,2,0
7368,6,5,1
7369,10,3,7
7370,11,4,7
7371,15,8,7
7372,8,3,5
7373,7,0,7
7374,8,7,1
7375,4,4,0
7376,15,9,6
7377,16,8,8
7378,5,0,5
7379,16,9,7
7380,6,4,2
7381,6,3,3
7382,1,1,0
7383,6,3,3
7384,15,8,7
7385,12,9,3
7386,6,5,1
7387,10,8,2
7388,5,0,5
7389,8,3,5
7390,11,7,4
7391,6,6,0
7392,9,8,1
7393,10,6,4
7394,6,2,4
7395,9,5,4
7396,12,8,4
7397,9,5,4
7398,10,6,4
7399,18,9,9
7400,13,5,8
7401,9,9,0
7402,10,3,7
7403,10,5,5
7404,10,8,2
7405,8,6,2
7406,13,4,9
7407,12,6,6
7408,11,8,3
7409,8,6,2
7410,17,8,9
7411,13,7,6
7412,7,0,7
7413,5,3,2
7414,13,4,9
7415,7,4,3
7416,11,5,6
7417,9,0,9
7418,8,4,4
7419,15,8,7
7420,5,0,5
7421,8,3,5
7422,11,2,9
7423,10,7,3
7424,7,5,2
7425,14,7,7
7426,6,3,3
7427,17,9,8
7428,1,1,0
7429,15,8,7
7430,15,9,6
7431,2,0,2
7432,13,8,5
7433,8,6,2
7434,11,5,6
7435,8,7,1
7436,2,1,1
7437,11,5,6
7438,15,8,7
7439,13,7,6
7440,0,0,0
7441,10,3,7
7442,3,3,0
7443,9,8,1
7444,10,2,8
7445,11,8,3
7446,4,3,1
7447,6,6,0
7448,9,2,7
7449,8,8,0
7450,6,4,2
7451,5,2,3
7452,9,4,5
7453,3,1,2
7454,13,7,6
7455,6,1,5
7456,14,8,6
7457,8,7,1
7458,5,3,2
7459,9,8,1
7460,2,2,0
7461,2,1,1
7462,13,8,5
7463,9,2,7
7464,15,7,8
7465,14,8,6
7466,14,6,8
7467,11,2,9
7468,14,8,6
7469,10,9,1
7470,3,2,1
7471,2,2,0
7472,6,2,4
7473,9,6,3
7474,10,1,9
7475,14,6,8
7476,4,3,1
7477,9,0,9
7478,11,5,6
7479,7,1,6
7480,7,5,2
7481,7,2,5
7482,10,1,9
7483,6,1,5
7484,11,4,7
7485,5,1,4
7486,1,1,0
7487,1,0,1
7488,6,4,2
7489,2,0,2
7490,12,3,9
7491,2,0,2
7492,13,6,7
7493,10,3,7
7494,5,4,1
7495,18,9,9
7496,0,0,0
7497,5,1,4
7498,13,4,9
7499,4,0,4
7500,11,7,4
7501,13,7,6
7502,1,0,1
7503,6,0,6
7504,7,3,4
7505,17,9,8
7506,3,2,1
7507,5,4,1
7508,12,4,8
7509,9,9,0
7510,14,8,6
7511,15,8,7
7512,10,7,3
7513,6,2,4
7514,10,2,8
7515,14,8,6
7516,13,9,4
7517,7,3,4
7518,9,7,2
7519,1,0,1
7520,14,9,5
7521,12,9,3
7522,14,9,5
7523,9,0,9
7524,6,5,1
7525,9,1,8
7526,16,7,9
7527,4,3,1
7528,7,3,4
7529,15,9,6
7530,12,5,7
7531,6,3,3
7532,14,9,5
7533,9,8,1
7534,12,8,4
7535,4,4,0
7536,7,7,0
7537,8,5,3
7538,15,7,8
7539,1,0,1
7540,3,1,2
7541,7,1,6
7542,9,0,9
7543,18,9,9
7544,7,1,6
7545,10,3,7
7546,14,5,9
7547,3,2,1
7548,10,1,9
7549,9,3,6
7550,9,3,6
7551,13,8,5
7552,9,8,1
7553,4,4,0
7554,14,5,9
7555,4,0,4
7556,9,2,7
7557,5,1,4
7558,14,7,7
7559,13,9,4
7560,7,2,5
7561,12,7,5
7562,16,9,7
7563,9,3,6
7564,2,0,2
7565,6,5,1
7566,8,2,6
7567,9,1,8
7568,4,4,0
7569,1,1,0
7570,0,0,0
7571,5,4,1
7572,13,7,6
7573,9,9,0
7574,12,6,6
7575,11,8,3
7576,15,9,6
7577,6,5,1
7578,8,1,7
7579,17,8,9
7580,15,8,7
7581,13,6,7
7582,9,0,9
7583,8,5,3
7584,7,0,7
7585,3,2,1
7586,6,3,3
7587,5,5,0
7588,0,0,0
7589,7,7,0
7590,5,5,0
7591,7,7,0
7592,5,0,5
7593,11,7,4
7594,7,2,5
7595,9,2,7
7596,5,3,2
7597,13,4,9
7598,8,6,2
7599,10,4,6
7600,3,0,3
7601,5,0,5
7602,16,8,8
7603,7,5,2
7604,11,8,3
7605,7,0,7
7606,0,0,0
7607,10,7,3
7608,12,5,7
7609,11,6,5
7610,9,6,3
7611,3,2,1
7612,1,1,0
7613,9,0,9
7614,6,0,6
7615,15,8,7
7616,6,0,6
7617,17,8,9
7618,8,1,7
7619,9,8,1
7620,15,6,9
7621,13,5,8
7622,5,2,3
7623,11,6,5
7624,4,4,0
7625,7,0,7
7626,9,0,9
7627,4,4,0
7628,13,9,4
7629,11,9,2
7630,11,3,8
7631,12,6,6
7632,12,7,5
7633,10,7,3
7634,12,6,6
7635,3,1,2
7636,11,2,9
7637,10,5,5
7638,9,7,2
7639,13,4,9
7640,14,6,8
7641,8,7,1
7642,12,7,5
7643,9,4,5
7644,16,9,7
7645,5,3,2
7646,9,1,8
7647,2,2,0
7648,14,5,9
7649,9,0,9
7650,3,1,2
7651,7,1,6
7652,13,6,7
7653,4,0,4
7654,17,9,8
7655,11,8,3
7656,14,8,6
7657,8,2,6
7658,4,0,4
7659,6,0,6
7660,6,2,4
7661,8,5,3
7662,7,5,2
7663,17,9,8
7664,2,2,0
7665,12,4,8
7666,7,1,6
7667,9,2,7
7668,14,7,7
7669,9,6,3
7670,12,3,9
7671,12,3,9
7672,9,0,9
7673,7,4,3
7674,9,4,5
7675,11,2,9
7676,12,7,5
7677,13,5,8
7678,5,1,4
7679,13,7,6
7680,10,1,9
7681,11,2,9
7682,3,1,2
7683,6,6,0
7684,13,4,9
7685,6,3,3
7686,14,8,6
7687,12,9,3
7688,5,4,1
7689,11,5,6
7690,5,5,0
7691,7,2,5
7692,9,5,4
7693,11,2,9
7694,4,1,3
7695,6,5,1
7696,11,8,3
7697,2,0,2
7698,12,6,6
7699,5,2,3
7700,8,6,2
7701,11,7,4
7702,2,0,2
7703,11,3,8
7704,10,7,3
7705,5,0,5
7706,4,0,4
7707,11,3,8
7708,13,6,7
7709,8,2,6
7710,4,0,4
7711,17,8,9
7712,7,2,5
7713,7,5,2
7714,3,1,2
7715,11,5,6
7716,14,5,9
7717,15,9,6
7718,15,9,6
7719,10,6,4
7720,14,6,8
7721,9,0,9
7722,4,3,1
7723,9,0,9
7724,14,6,8
7725,3,0,3
7726,2,0,2
7727,4,4,0
7728,6,3,3
7729,6,1,5
7730,11,6,5
7731,8,0,8
7732,12,5,7
7733,0,0,0
7734,11,7,4
7735,13,8,5
7736,13,4,9
7737,6,1,5
7738,5,3,2
7739,12,4,8
7740,7,6,1
7741,13,7,6
7742,13,4,9
7743,9,0,9
7744,15,9,6
7745,7,3,4
7746,8,8,0
7747,7,5,2
7748,9,0,9
7749,16,8,8
7750,3,3,0
7751,13,5,8
7752,6,2,4
7753,6,6,0
7754,2,1,1
7755,8,2,6
7756,13,9,4
7757,8,5,3
7758,10,9,1
7759,8,7,1
7760,6,1,5
7761,11,2,9
7762,9,7,2
7763,9,3,6
7764,9,4,5
7765,11,7,4
7766,16,9,7
7767,12,7,5
7768,12,4,8
7769,10,9,1
7770,4,3,1
7771,12,3,9
7772,8,6,2
7773,11,5,6
7774,17,8,9
7775,8,0,8
7776,1,1,0
7777,8,7,1
7778,9,1,8
7779,6,2,4
7780,18,9,9
7781,5,4,1
7782,6,0,6
7783,12,5,7
7784,14,6,8
7785,17,9,8
7786,7,5,2
7787,4,1,3
7788,12,8,4
7789,9,3,6
7790,10,8,2
7791,9,1,8
7792,4,1,3
7793,13,8,5
7794,12,5,7
7795,10,2,8
7796,4,3,1
7797,10,6,4
7798,9,4,5
7799,16,9,7
7800,13,5,8
7801,10,1,9
7802,12,7,5
7803,14,9,5
7804,9,1,8
7805,12,5,7
7806,14,7,7
7807,13,6,7
7808,12,6,6
7809,10,4,6
7810,8,8,0
7811,9,8,1
7812,5,0,5
7813,11,4,7
7814,8,7,1
7815,15,7,8
7816,13,5,8
7817,13,6,7
7818,7,6,1
7819,2,2,0
7820,11,3,8
7821,17,9,8
7822,8,7,1
7823,15,6,9
7824,11,5,6
7825,10,4,6
7826,12,3,9
7827,8,2,6
7828,12,6,6
7829,6,0,6
7830,9,7,2
7831,5,3,2
7832,14,8,6
7833,14,8,6
7834,14,6,8
7835,1,0,1
7836,9,0,9
7837,14,9,5
7838,11,3,8
7839,8,8,0
7840,13,6,7
7841,2,1,1
7842,10,5,5
7843,5,5,0
7844,10,6,4
7845,14,9,5
7846,11,7,4
7847,6,0,6
7848,10,2,8
7849,10,1,9
7850,6,2,4
7851,9,4,5
7852,7,5,2
7853,7,2,5
7854,17,9,8
7855,10,9,1
7856,11,7,4
7857,7,5,2
7858,3,0,3
7859,13,8,5
7860,14,8,6
7861,5,5,0
7862,14,8,6
7863,13,7,6
7864,8,4,4
7865,11,6,5
7866,5,3,2
7867,9,5,4
7868,2,2,0
7869,9,5,4
7870,2,0,2
7871,1,1,0
7872,13,9,4
7873,8,4,4
7874,13,4,9
7875,11,4,7
7876,7,1,6
7877,12,7,5
7878,12,5,7
7879,8,6,2
7880,8,7,1
7881,8,3,5
7882,9,2,7
7883,14,8,6
7884,8,1,7
7885,12,7,5
7886,10,1,9
7887,16,7,9
7888,8,1,7
7889,10,4,6
7890,16,8,8
7891,11,9,2
7892,4,2,2
7893,10,2,8
7894,12,8,4
7895,13,5,8
7896,13,5,8
7897,13,8,5
7898,5,0,5
7899,2,0,2
7900,2,2,0
7901,8,5,3
7902,15,9,6
7903,2,2,0
7904,14,5,9
7905,15,7,8
7906,12,3,9
7907,8,8,0
7908,16,7,9
7909,4,4,0
7910,10,3,7
7911,12,7,5
7912,9,6,3
7913,5,2,3
7914,4,3,1
7915,1,0,1
7916,12,7,5
7917,3,3,0
7918,8,7,1
7919,1,0,1
7920,13,6,7
7921,6,0,6
7922,8,8,0
7923,4,0,4
7924,6,4,2
7925,7,3,4
7926,11,2,9
7927,5,0,5
7928,4,3,1
7929,11,6,5
7930,12,3,9
7931,12,6,6
7932,4,1,3
7933,13,6,7
7934,10,1,9
7935,4,4,0
7936,8,5,3
7937,13,7,6
7938,14,6,8
7939,7,4,3
7940,9,8,1
7941,12,7,5
7942,12,8,4
7943,5,2,3
7944,10,5,5
7945,13,9,4
7946,10,1,9
7947,8,7,1
7948,11,4,7
7949,14,5,9
7950,13,5,8
7951,14,5,9
7952,4,1,3
7953,10,7,3
7954,0,0,0
7955,12,5,7
7956,13,6,7
7957,15,8,7
7958,9,5,4
7959,8,2,6
7960,10,5,5
7961,9,1,8
7962,11,7,4
7963,4,3,1
7964,14,6,8
7965,12,4,8
7966,1,1,0
7967,15,8,7
7968,12,5,7
7969,4,4,0
7970,9,9,0
7971,13,5,8
7972,8,7,1
7973,2,0,2
7974,13,8,5
7975,12,7,5
7976,12,3,9
7977,10,2,8
7978,9,6,3
7979,11,2,9
7980,13,6,7
7981,3,3,0
7982,12,7,5
7983,11,7,4
7984,10,5,5
7985,18,9,9
7986,11,4,7
7987,10,6,4
7988,4,3,1
7989,9,7,2
7990,3,1,2
7991,3,2,1
7992,17,9,8
7993,7,0,7
7994,7,4,3
7995,4,1,3
7996,12,5,7
7997,10,8,2
7998,11,3,8
7999,14,5,9
8000,7,0,7
8001,4,0,4
8002,11,8,3
8003,3,3,0
8004,8,3,5
8005,3,3,0
8006,8,6,2
8007,0,0,0
8008,12,7,5
8009,6,5,1
8010,4,1,3
8011,6,2,4
8012,6,0,6
8013,7,6,1
8014,7,6,1
8015,8,7,1
8016,6,4,2
8017,10,7,3
8018,10,4,6
8019,4,2,2
8020,7,7,0
8021,7,5,2
8022,3,2,1
8023,3,2,1
8024,11,6,5
8025,10,5,5
8026,9,5,4
8027,8,7,1
8028,11,8,3
8029,8,6,2
8030,12,4,8
8031,9,2,7
8032,4,1,3
8033,11,4,7
8034,11,5,6
8035,4,4,0
8036,11,4,7
8037,2,0,2
8038,4,2,2
8039,10,2,8
8040,12,6,6
8041,9,3,6
8042,13,7,6
8043,18,9,9
8044,8,5,3
8045,6,3,3
8046,13,4,9
8047,9,1,8
8048,10,8,2
8049,11,5,6
8050,13,4,9
8051,7,6,1
8052,12,3,9
8053,5,5,0
8054,11,2,9
8055,8,0,8
8056,5,2,3
8057,10,5,5
8058,10,8,2
8059,12,6,6
8060,11,2,9
8061,13,7,6
8062,9,4,5
8063,5,5,0
8064,17,9,8
8065,7,1,6
8066,10,7,3
8067,5,4,1
8068,8,6,2
8069,17,8,9
8070,13,6,7
8071,3,0,3
8072,13,6,7
8073,7,3,4
8074,9,1,8
8075,7,4,3
8076,15,7,8
8077,6,0,6
8078,7,4,3
8079,4,2,2
8080,8,5,3
8081,9,1,8
8082,12,6,6
8083,13,6,7
8084,10,6,4
8085,11,6,5
8086,14,9,5
8087,9,1,8
8088,13,6,7
8089,14,6,8
8090,8,2,6
8091,7,2,5
8092,7,6,1
8093,11,5,6
8094,14,6,8
8095,6,0,6
8096,9,1,8
8097,14,8,6
8098,18,9,9
8099,6,1,5
8100,10,4,6
8101,9,9,0
8102,9,7,2
8103,12,8,4
8104,13,8,5
8105,13,7,6
8106,9,0,9
8107,7,1,6
8108,15,6,9
8109,6,1,5
8110,7,7,0
8111,8,3,5
8112,6,6,0
8113,14,7,7
8114,17,9,8
8115,12,9,3
8116,5,1,4
8117,15,6,9
8118,5,5,0
8119,7,5,2
8120,3,2,1
8121,13,8,5
8122,1,1,0
8123,10,4,6
8124,7,3,4
8125,8,4,4
8126,4,1,3
8127,8,3,5
8128,12,4,8
8129,3,3,0
8130,6,6,0
8131,9,6,3
8132,11,8,3
8133,9,4,5
8134,0,0,0
8135,10,8,2
8136,5,1,4
8137,4,4,0
8138,3,1,2
8139,13,4,9
8140,10,3,7
8141,14,9,5
8142,6,1,5
8143,10,6,4
8144,7,7,0
8145,9,3,6
8146,0,0,0
8147,9,5,4
8148,17,9,8
8149,16,9,7
8150,8,6,2
8151,3,3,0
8152,6,5,1
8153,7,3,4
8154,5,3,2
8155,4,2,2
8156,10,3,7
8157,3,0,3
8158,6,3,3
8159,13,8,5
8160,14,6,8
8161,14,6,8
8162,11,3,8
8163,11,9,2
8164,9,0,9
8165,15,8,7
8166,12,6,6
8167,14,9,5
8168,4,4,0
8169,6,0,6
8170,13,7,6
8171,5,2,3
8172,6,2,4
8173,0,0,0
8174,17,9,8
8175,9,7,2
8176,11,6,5
8177,6,3,3
8178,9,1,8
8179,10,3,7
8180,10,4,6
8181,13,9,4
8182,11,3,8
8183,13,4,9
8184,6,2,4
8185,11,9,2
8186,15,9,6
8187,8,7,1
8188,9,4,5
8189,7,6,1
8190,0,0,0
8191,10,5,5
8192,14,7,7
8193,8,5,3
8194,15,7,8
8195,6,4,2
8196,5,1,4
8197,11,4,7
8198,15,9,6
8199,5,5,0
8200,18,9,9
8201,14,7,7
8202,11,4,7
8203,12,9,3
8204,12,8,4
8205,4,4,0
8206,15,7,8
8207,8,5,3
8208,14,7,7
8209,9,2,7
8210,11,9,2
8211,12,3,9
8212,7,0,7
8213,12,4,8
8214,15,7,8
8215,14,8,6
8216,7,0,7
8217,9,9,0
8218,10,5,5
8219,2,2,0
8220,7,6,1
8221,12,6,6
8222,14,9,5
8223,13,7,6
8224,18,9,9
8225,5,4,1
8226,10,1,9
8227,12,4,8
8228,10,2,8
8229,9,6,3
8230,11,5,6
8231,11,3,8
8232,10,3,7
8233,10,8,2
8234,5,2,3
8235,5,5,0
8236,6,0,6
8237,10,2,8
8238,5,3,2
8239,8,0,8
8240,9,6,3
8241,4,4,0
8242,13,8,5
8243,7,6,1
8244,15,9,6
8245,16,8,8
8246,13,7,6
8247,7,5,2
8248,9,0,9
8249,4,1,3
8250,8,7,1
8251,12,3,9
8252,4,0,4
8253,6,1,5
8254,11,5,6
8255,10,1,9
8256,8,5,3
8257,10,9,1
8258,2,0,2
8259,9,6,3
8260,8,8,0
8261,17,9,8
8262,15,6,9
8263,13,8,5
8264,9,7,2
8265,3,0,3
8266,13,6,7
8267,12,8,4
8268,4,4,0
8269,18,9,9
8270,9,9,0
8271,9,1,8
8272,15,7,8
8273,13,4,9
8274,12,4,8
8275,15,8,7
8276,1,0,1
8277,11,6,5
8278,11,6,5
8279,13,4,9
8280,9,3,6
8281,14,6,8
8282,11,8,3
8283,5,0,5
8284,15,6,9
8285,3,0,3
8286,5,4,1
8287,11,5,6
8288,4,0,4
8289,9,1,8
8290,8,1,7
8291,13,6,7
8292,5,0,5
8293,7,7,0
8294,12,4,8
8295,10,8,2
8296,8,4,4
8297,9,9,0
8298,13,8,5
8299,9,8,1
8300,16,8,8
8301,6,3,3
8302,10,8,2
8303,14,9,5
8304,7,7,0
8305,5,3,2
8306,5,3,2
8307,7,2,5
8308,9,7,2
8309,7,0,7
8310,8,8,0
8311,17,9,8
8312,10,9,1
8313,9,7,2
8314,11,7,4
8315,15,7,8
8316,13,4,9
8317,5,3,2
8318,6,4,2
8319,15,6,9
8320,9,4,5
8321,8,5,3
8322,9,3,6
8323,12,4,8
8324,7,7,0
8325,9,7,2
8326,9,5,4
8327,13,9,4
8328,9,8,1
8329,3,2,1
8330,11,2,9
8331,1,0,1
8332,15,8,7
8333,9,1,8
8334,10,5,5
8335,14,8,6
8336,10,2,8
8337,12,8,4
8338,4,3,1
8339,5,1,4
8340,6,4,2
8341,9,0,9
8342,16,9,7
8343,5,3,2
8344,13,7,6
8345,4,2,2
8346,16,8,8
8347,14,5,9
8348,14,5,9
8349,1,1,0
8350,9,3,6
8351,14,8,6
8352,10,4,6
8353,10,2,8
8354,10,2,8
8355,13,4,9
8356,14,7,7
8357,11,9,2
8358,11,5,6
8359,2,2,0
8360,11,9,2
8361,2,1,1
8362,14,9,5
8363,12,9,3
8364,15,8,7
8365,9,9,0
8366,9,0,9
8367,17,9,8
8368,18,9,9
8369,17,8,9
8370,8,1,7
8371,9,7,2
8372,7,6,1
8373,5,0,5
8374,11,4,7
8375,9,3,6
8376,9,0,9
8377,9,8,1
8378,13,5,8
8379,2,1,1
8380,11,6,5
8381,8,1,7
8382,4,1,3
8383,9,8,1
8384,13,9,4
8385,5,5,0
8386,14,5,9
8387,11,9,2
8388,11,7,4
8389,7,0,7
8390,3,0,3
8391,7,6,1
8392,11,7,4
8393,4,1,3
8394,6,5,1
8395,9,3,6
8396,15,6,9
8397,8,7,1
8398,7,2,5
8399,11,3,8
8400,11,2,9
8401,7,7,0
8402,15,7,8
8403,8,1,7
8404,6,0,6
8405,7,7,0
8406,2,0,2
8407,10,9,1
8408,8,1,7
8409,6,5,1
8410,6,4,2
8411,10,2,8
8412,14,8,6
8413,14,5,9
8414,12,3,9
8415,11,2,9
8416,12,4,8
8417,7,2,5
8418,5,0,5
8419,3,0,3
8420,10,3,7
8421,7,7,0
8422,6,5,1
8423,6,6,0
8424,7,5,2
8425,5,0,5
8426,13,9,4
8427,6,6,0
8428,16,9,7
8429,16,8,8
8430,7,4,3
8431,8,0,8
8432,10,7,3
8433,8,8,0
8434,12,8,4
8435,7,0,7
8436,6,3,3
8437,6,0,6
8438,13,9,4
8439,7,2,5
8440,8,5,3
8441,16,8,8
8442,2,2,0
8443,6,4,2
8444,17,8,9
8445,9,6,3
8446,9,1,8
8447,4,3,1
8448,14,9,5
8449,2,0,2
8450,17,9,8
8451,13,6,7
8452,4,3,1
8453,7,3,4
8454,9,0,9
8455,8,0,8
8456,11,2,9
8457,4,3,1
8458,11,2,9
8459,14,8,6
8460,11,2,9
8461,12,6,6
8462,10,8,2
8463,7,6,1
8464,16,9,7
8465,4,4,0
8466,11,9,2
8467,6,4,2
8468,3,3,0
8469,10,1,9
8470,9,1,8
8471,9,5,4
8472,7,3,4
8473,10,5,5
8474,8,2,6
8475,12,8,4
8476,6,6,0
8477,18,9,9
8478,1,0,1
8479,6,6,0
8480,12,5,7
8481,10,7,3
8482,9,9,0
8483,12,3,9
8484,0,0,0
8485,18,9,9
8486,2,2,0
8487,15,8,7
8488,9,1,8
8489,6,3,3
8490,8,6,2
8491,12,6,6
8492,15,9,6
8493,12,7,5
8494,10,7,3
8495,14,9,5
8496,9,0,9
8497,8,5,3
8498,11,6,5
8499,9,6,3
8500,4,1,3
8501,5,2,3
8502,13,8,5
8503,17,8,9
8504,9,1,8
8505,10,4,6
8506,10,1,9
8507,11,5,6
8508,9,1,8
8509,3,2,1
8510,4,0,4
8511,15,9,6
8512,1,1,0
8513,8,2,6
8514,9,6,3
8515,4,4,0
8516,8,1,7
8517,9,4,5
8518,2,2,0
8519,18,9,9
8520,12,5,7
8521,3,1,2
8522,10,4,6
8523,4,1,3
8524,12,3,9
8525,5,1,4
8526,15,6,9
8527,10,7,3
8528,8,2,6
8529,6,5,1
8530,18,9,9
8531,7,1,6
8532,11,6,5
8533,11,8,3
8534,5,4,1
8535,9,9,0
8536,5,2,3
8537,9,8,1
8538,15,8,7
8539,5,0,5
8540,9,1,8
8541,14,8,6
8542,5,1,4
8543,8,5,3
8544,4,1,3
8545,5,5,0
8546,13,7,6
8547,12,9,3
8548,8,8,0
8549,12,4,8
8550,6,6,0
8551,13,4,9
8552,8,5,3
8553,2,2,0
8554,2,2,0
8555,7,4,3
8556,6,1,5
8557,10,4,6
8558,13,8,5
8559,12,8,4
8560,12,6,6
8561,9,7,2
8562,7,0,7
8563,6,1,5
8564,5,5,0
8565,14,8,6
8566,6,2,4
8567,5,4,1
8568,5,2,3
8569,13,5,8
8570,6,3,3
8571,7,6,1
8572,2,1,1
8573,7,3,4
8574,5,3,2
8575,2,1,1
8576,12,9,3
8577,10,8,2
8578,7,2,5
8579,13,8,5
8580,4,2,2
8581,4,3,1
8582,18,9,9
8583,5,3,2
8584,7,4,3
8585,1,0,1
8586,5,5,0
8587,13,9,4
8588,5,4,1
8589,2,0,2
8590,14,6,8
8591,3,2,1
8592,9,3,6
8593,15,8,7
8594,11,5,6
8595,16,9,7
8596,13,9,4
8597,16,7,9
8598,7,1,6
8599,12,5,7
8600,9,9,0
8601,2,2,0
8602,11,4,7
8603,11,4,7
8604,1,1,0
8605,10,4,6
8606,5,3,2
8607,10,7,3
8608,5,4,1
8609,10,4,6
8610,11,9,2
8611,9,0,9
8612,9,4,5
8613,13,4,9
8614,11,4,7
8615,5,2,3
8616,3,1,2
8617,9,2,7
8618,10,8,2
8619,6,1,5
8620,2,2,0
8621,8,7,1
8622,3,0,3
8623,5,0,5
8624,11,7,4
8625,8,4,4
8626,16,8,8
8627,15,7,8
8628,11,6,5
8629,8,0,8
8630,5,4,1
8631,11,9,2
8632,9,1,8
8633,6,4,2
8634,12,5,7
8635,11,2,9
8636,10,5,5
8637,6,5,1
8638,12,5,7
8639,1,0,1
8640,16,8,8
8641,11,8,3
8642,9,4,5
8643,12,4,8
8644,9,0,9
8645,9,2,7
8646,6,6,0
8647,15,6,9
8648,4,0,4
8649,7,5,2
8650,4,3,1
8651,12,8,4
8652,14,7,7
8653,11,6,5
8654,11,4,7
8655,14,8,6
8656,9,8,1
8657,15,9,6
8658,8,0,8
8659,11,2,9
8660,10,1,9
8661,15,6,9
8662,15,7,8
8663,6,1,5
8664,14,6,8
8665,5,2,3
8666,8,6,2
8667,3,3,0
8668,7,7,0
8669,18,9,9
8670,3,1,2
8671,15,7,8
8672,6,3,3
8673,11,7,4
8674,6,5,1
8675,7,5,2
8676,5,0,5
8677,11,5,6
8678,5,2,3
8679,3,3,0
8680,10,2,8
8681,13,7,6
8682,4,0,4
8683,5,2,3
8684,10,2,8
8685,3,2,1
8686,4,2,2
8687,15,7,8
8688,10,9,1
8689,10,2,8
8690,9,5,4
8691,7,0,7
8692,17,8,9
8693,6,6,0
8694,10,1,9
8695,4,4,0
8696,2,1,1
8697,7,3,4
8698,10,7,3
8699,16,9,7
8700,8,2,6
8701,11,8,3
8702,4,2,2
8703,7,3,4
8704,7,1,6
8705,6,0,6
8706,8,7,1
8707,4,1,3
8708,10,4,6
8709,6,0,6
8710,2,0,2
8711,9,5,4
8712,8,4,4
8713,6,1,5
8714,8,1,7
8715,10,6,4
8716,16,9,7
8717,11,6,5
8718,16,7,9
8719,8,1,7
8720,15,8,7
8721,12,5,7
8722,5,1,4
8723,3,3,0
8724,8,6,2
8725,3,3,0
8726,15,7,8
8727,11,2,9
8728,10,7,3
8729,8,4,4
8730,15,9,6
8731,14,5,9
8732,16,9,7
8733,9,2,7
8734,9,8,1
8735,10,1,9
8736,7,0,7
8737,9,5,4
8738,10,4,6
8739,2,0,2
8740,10,8,2
8741,17,9,8
8742,10,4,6
8743,8,6,2
8744,12,9,3
8745,14,8,6
8746,5,1,4
8747,3,2,1
8748,3,3,0
8749,11,2,9
8750,0,0,0
8751,8,8,0
8752,9,7,2
8753,9,2,7
8754,14,9,5
8755,1,1,0
8756,3,2,1
8757,5,2,3
8758,4,0,4
8759,11,2,9
8760,15,6,9
8761,17,8,9
8762,6,6,0
8763,13,4,9
8764,11,7,4
8765,10,1,9
8766,8,8,0
8767,6,3,3
8768,4,4,0
8769,9,3,6
8770,15,8,7
8771,12,4,8
8772,8,6,2
8773,6,2,4
8774,7,4,3
8775,7,2,5
8776,12,9,3
8777,10,9,1
8778,8,1,7
8779,13,6,7
8780,8,4,4
8781,11,7,4
8782,17,8,9
8783,8,1,7
8784,4,0,4
8785,16,7,9
8786,12,4,8
8787,13,8,5
8788,12,5,7
8789,7,5,2
8790,15,6,9
8791,7,0,7
8792,16,8,8
8793,5,3,2
8794,7,0,7
8795,3,1,2
8796,5,3,2
8797,6,2,4
8798,11,7,4
8799,15,8,7
8800,11,4,7
8801,9,2,7
8802,14,5,9
8803,5,0,5
8804,7,1,6
8805,4,2,2
8806,6,4,2
8807,11,4,7
8808,3,3,0
8809,7,3,4
8810,9,2,7
8811,12,7,5
8812,11,7,4
8813,9,7,2
8814,10,2,8
8815,2,0,2
8816,11,6,5
8817,18,9,9
8818,8,2,6
8819,10,2,8
8820,4,2,2
8821,15,6,9
8822,10,6,4
8823,0,0,0
8824,14,5,9
8825,11,7,4
8826,12,3,9
8827,9,8,1
8828,7,0,7
8829,10,3,7
8830,2,2,0
8831,9,3,6
8832,13,4,9
8833,8,6,2
8834,7,5,2
8835,14,6,8
8836,13,6,7
8837,10,3,7
8838,15,8,7
8839,11,6,5
8840,8,4,4
8841,8,2,6
8842,3,1,2
8843,10,2,8
8844,7,6,1
8845,5,0,5
8846,5,2,3
8847,3,2,1
8848,8,0,8
8849,2,1,1
8850,6,1,5
8851,10,2,8
8852,13,9,4
8853,9,4,5
8854,13,4,9
8855,18,9,9
8856,6,1,5
8857,10,1,9
8858,10,8,2
8859,11,5,6
8860,2,0,2
8861,9,7,2
8862,9,9,0
8863,18,9,9
8864,11,6,5
8865,10,1,9
8866,6,6,0
8867,10,3,7
8868,1,1,0
8869,12,7,5
8870,12,3,9
8871,13,6,7
8872,15,6,9
8873,8,3,5
8874,1,1,0
8875,11,3,8
8876,13,6,7
8877,8,4,4
8878,3,3,0
8879,13,6,7
8880,12,9,3
8881,14,7,7
8882,9,2,7
8883,8,0,8
8884,5,3,2
8885,17,9,8
8886,9,9,0
8887,9,0,9
8888,6,6,0
8889,6,6,0
8890,14,8,6
8891,12,6,6
8892,8,3,5
8893,7,0,7
8894,3,3,0
8895,8,0,8
8896,2,2,0
8897,8,2,6
8898,5,2,3
8899,8,8,0
8900,9,7,2
8901,4,4,0
8902,7,2,5
8903,14,9,5
8904,11,4,7
8905,11,4,7
8906,12,5,7
8907,9,5,4
8908,8,7,1
8909,11,7,4
8910,16,8,8
8911,2,1,1
8912,17,8,9
8913,12,5,7
8914,8,4,4
8915,17,8,9
8916,12,3,9
8917,12,3,9
8918,9,3,6
8919,10,7,3
8920,14,8,6
8921,6,1,5
8922,4,4,0
8923,1,0,1
8924,6,0,6
8925,18,9,9
8926,10,8,2
8927,17,8,9
8928,2,2,0
8929,8,7,1
8930,7,6,1
8931,12,9,3
8932,16,8,8
8933,4,4,0
8934,7,6,1
8935,8,7,1
8936,9,7,2
8937,11,9,2
8938,18,9,9
8939,11,4,7
8940,4,1,3
8941,9,5,4
8942,8,8,0
8943,6,2,4
8944,10,7,3
8945,9,7,2
8946,12,9,3
8947,11,2,9
8948,6,0,6
8949,8,8,0
8950,13,5,8
8951,12,5,7
8952,11,5,6
8953,6,4,2
8954,15,8,7
8955,15,9,6
8956,17,9,8
8957,10,8,2
8958,9,0,9
8959,5,5,0
8960,8,7,1
8961,3,2,1
8962,12,8,4
8963,9,2,7
8964,7,4,3
8965,13,6,7
8966,10,4,6
8967,9,4,5
8968,6,2,4
8969,6,5,1
8970,1,0,1
8971,5,3,2
8972,13,7,6
8973,5,2,3
8974,8,5,3
8975,13,6,7
8976,13,6,7
8977,3,3,0
8978,11,9,2
8979,4,4,0
8980,9,0,9
8981,10,3,7
8982,6,5,1
8983,11,6,5
8984,3,3,0
8985,2,2,0
8986,8,1,7
8987,12,8,4
8988,14,5,9
8989,7,0,7
8990,12,5,7
8991,3,0,3
8992,9,9,0
8993,12,3,9
8994,10,9,1
8995,17,8,9
8996,5,5,0
8997,5,5,0
8998,12,8,4
8999,9,6,3
9000,13,9,4
9001,4,0,4
9002,8,4,4
9003,12,5,7
9004,18,9,9
9005,17,9,8
9006,11,3,8
9007,12,8,4
9008,9,8,1
9009,14,5,9
9010,15,7,8
9011,6,2,4
9012,11,7,4
9013,4,0,4
9014,4,2,2
9015,10,1,9
9016,2,0,2
9017,5,4,1
9018,9,4,5
9019,13,4,9
9020,13,8,5
9021,9,9,0
9022,14,9,5
9023,11,2,9
9024,6,3,3
9025,1,0,1
9026,17,9,8
9027,13,5,8
9028,2,0,2
9029,3,3,0
9030,9,0,9
9031,8,6,2
9032,10,2,8
9033,4,1,3
9034,12,9,3
9035,8,2,6
9036,10,8,2
9037,5,4,1
9038,15,8,7
9039,5,2,3
9040,4,4,0
9041,14,7,7
9042,11,2,9
9043,13,7,6
9044,1,0,1
9045,10,6,4
9046,15,7,8
9047,17,9,8
9048,13,9,4
9049,13,5,8
9050,8,8,0
9051,13,4,9
9052,6,4,2
9053,12,9,3
9054,8,0,8
9055,11,4,7
9056,12,6,6
9057,10,8,2
9058,1,1,0
9059,12,3,9
9060,5,2,3
9061,8,8,0
9062,2,2,0
9063,11,5,6
9064,7,1,6
9065,10,9,1
9066,12,5,7
9067,6,0,6
9068,8,5,3
9069,13,8,5
9070,8,4,4
9071,7,0,7
9072,15,8,7
9073,8,6,2
9074,6,1,5
9075,5,2,3
9076,12,4,8
9077,0,0,0
9078,13,6,7
9079,7,5,2
9080,10,4,6
9081,9,1,8
9082,11,8,3
9083,17,8,9
9084,7,4,3
9085,9,1,8
9086,7,4,3
9087,5,1,4
9088,8,8,0
9089,9,8,1
9090,12,6,6
9091,9,6,3
9092,13,9,4
9093,10,1,9
9094,12,6,6
9095,11,6,5
9096,10,5,5
9097,13,8,5
9098,3,2,1
9099,5,4,1
9100,2,0,2
9101,4,3,1
9102,8,8,0
9103,17,8,9
9104,13,9,4
9105,10,1,9
9106,6,3,3
9107,7,4,3
9108,9,6,3
9109,12,8,4
9110,13,8,5
9111,12,6,6
9112,12,5,7
9113,7,0,7
9114,9,9,0
9115,7,0,7
9116,3,0,3
9117,6,5,1
9118,9,5,4
9119,6,1,5
9120,11,3,8
9121,9,9,0
9122,9,7,2
9123,8,0,8
9124,6,4,2
9125,9,3,6
9126,10,1,9
9127,14,9,5
9128,10,2,8
9129,7,6,1
9130,15,9,6
9131,13,7,6
9132,6,4,2
9133,7,1,6
9134,10,9,1
9135,6,0,6
9136,7,2,5
9137,7,3,4
9138,5,2,3
9139,2,1,1
9140,12,3,9
9141,13,5,8
9142,8,6,2
9143,12,6,6
9144,11,9,2
9145,4,1,3
9146,18,9,9
9147,9,1,8
9148,13,4,9
9149,9,1,8
9150,9,8,1
9151,9,7,2
9152,5,0,5
9153,15,7,8
9154,4,1,3
9155,6,3,3
9156,10,6,4
9157,17,8,9
9158,10,6,4
9159,9,0,9
9160,13,5,8
9161,14,6,8
9162,4,1,3
9163,10,9,1
9164,8,3,5
9165,8,8,0
9166,15,9,6
9167,10,7,3
9168,11,2,9
9169,9,8,1
9170,9,2,7
9171,16,9,7
9172,11,9,2
9173,5,4,1
9174,14,6,8
9175,12,7,5
9176,8,2,6
9177,10,2,8
9178,12,8,4
9179,9,2,7
9180,13,9,4
9181,12,8,4
9182,6,6,0
9183,10,8,2
9184,9,8,1
9185,4,0,4
9186,9,1,8
9187,4,2,2
9188,10,7,3
9189,10,2,8
9190,1,0,1
9191,13,6,7
9192,17,8,9
9193,8,3,5
9194,6,2,4
9195,9,5,4
9196,4,0,4
9197,2,0,2
9198,10,1,9
9199,8,7,1
9200,5,1,4
9201,12,8,4
9202,14,7,7
9203,13,7,6
9204,5,2,3
9205,4,0,4
9206,5,1,4
9207,11,3,8
9208,9,6,3
9209,10,5,5
9210,8,0,8
9211,8,6,2
9212,14,9,5
9213,12,8,4
9214,12,4,8
9215,13,6,7
9216,17,9,8
9217,5,4,1
9218,5,0,5
9219,12,7,5
9220,2,0,2
9221,10,6,4
9222,16,7,9
9223,3,2,1
9224,10,7,3
9225,7,3,4
9226,5,5,0
9227,9,4,5
9228,18,9,9
9229,9,6,3
9230,5,2,3
9231,9,0,9
9232,13,6,7
9233,16,7,9
9234,11,8,3
9235,3,1,2
9236,18,9,9
9237,5,2,3
9238,6,2,4
9239,11,9,2
9240,7,3,4
9241,10,6,4
9242,13,4,9
9243,12,6,6
9244,10,4,6
9245,9,1,8
9246,8,6,2
9247,11,6,5
9248,10,2,8
9249,0,0,0
9250,3,1,2
9251,8,2,6
9252,4,3,1
9253,4,1,3
9254,3,1,2
9255,0,0,0
9256,4,0,4
9257,8,7,1
9258,5,4,1
9259,8,8,0
9260,8,8,0
9261,13,7,6
9262,7,5,2
9263,17,9,8
9264,8,7,1
9265,13,8,5
9266,9,8,1
9267,17,8,9
9268,16,8,8
9269,11,8,3
9270,13,8,5
9271,7,3,4
9272,5,4,1
9273,17,8,9
9274,5,4,1
9275,10,2,8
9276,8,0,8
9277,3,2,1
9278,5,5,0
9279,9,0,9
9280,9,4,5
9281,5,0,5
9282,3,3,0
9283,18,9,9
9284,6,6,0
9285,14,5,9
9286,14,6,8
9287,8,1,7
9288,4,1,3
9289,9,9,0
9290,12,7,5
9291,10,4,6
9292,7,5,2
9293,15,6,9
9294,15,9,6
9295,7,6,1
9296,10,8,2
9297,3,1,2
9298,9,5,4
9299,14,9,5
9300,17,9,8
9301,11,2,9
9302,12,3,9
9303,9,0,9
9304,13,8,5
9305,10,9,1
9306,15,8,7
9307,18,9,9
9308,8,6,2
9309,1,0,1
9310,5,0,5
9311,6,0,6
9312,10,8,2
9313,12,4,8
9314,13,5,8
9315,2,1,1
9316,10,6,4
9317,9,3,6
9318,7,0,7
9319,14,7,7
9320,14,5,9
9321,10,4,6
9322,13,8,5
9323,5,0,5
9324,5,1,4
9325,6,5,1
9326,9,5,4
9327,4,0,4
9328,10,2,8
9329,10,7,3
9330,9,8,1
9331,6,6,0
9332,14,6,8
9333,7,7,0
9334,2,1,1
9335,12,6,6
9336,5,1,4
9337,3,2,1
9338,5,3,2
9339,12,8,4
9340,12,6,6
9341,11,9,2
9342,9,9,0
9343,11,2,9
9344,11,4,7
9345,10,7,3
9346,12,8,4
9347,8,1,7
9348,14,8,6
9349,3,3,0
9350,6,4,2
9351,2,0,2
9352,15,6,9
9353,11,5,6
9354,10,2,8
9355,10,2,8
9356,13,8,5
9357,11,4,7
9358,0,0,0
9359,1,1,0
9360,8,5,3
9361,8,3,5
9362,12,6,6
9363,16,7,9
9364,8,5,3
9365,9,3,6
9366,16,8,8
9367,7,4,3
9368,9,9,0
9369,6,3,3
9370,11,3,8
9371,7,6,1
9372,17,8,9
9373,10,1,9
9374,8,6,2
9375,2,1,1
9376,10,2,8
9377,17,8,9
9378,3,0,3
9379,11,5,6
9380,7,7,0
9381,9,2,7
9382,6,3,3
9383,9,2,7
9384,3,2,1
9385,12,9,3
9386,6,2,4
9387,8,6,2
9388,2,0,2
9389,10,3,7
9390,13,9,4
9391,11,8,3
9392,10,2,8
9393,9,1,8
9394,9,4,5
9395,10,7,3
9396,7,5,2
9397,11,5,6
9398,11,9,2
9399,8,0,8
9400,3,3,0
9401,10,2,8
9402,13,7,6
9403,16,9,7
9404,13,6,7
9405,2,0,2
9406,11,3,8
9407,16,9,7
9408,12,9,3
9409,13,7,6
9410,12,8,4
9411,6,5,1
9412,6,0,6
9413,9,1,8
9414,8,2,6
9415,16,7,9
9416,7,1,6
9417,5,1,4
9418,13,9,4
9419,5,0,5
9420,5,0,5
9421,7,0,7
9422,8,0,8
9423,10,4,6
9424,9,6,3
9425,13,6,7
9426,14,9,5
9427,14,5,9
9428,16,9,7
9429,10,4,6
9430,7,5,2
9431,13,4,9
9432,1,0,1
9433,9,0,9
9434,9,7,2
9435,11,3,8
9436,13,6,7
9437,10,1,9
9438,3,1,2
9439,4,4,0
9440,0,0,0
9441,10,1,9
9442,8,8,0
9443,16,8,8
9444,12,4,8
9445,10,9,1
9446,15,7,8
9447,1,0,1
9448,12,5,7
9449,5,5,0
9450,10,6,4
9451,7,3,4
9452,9,2,7
9453,10,1,9
9454,7,0,7
9455,4,0,4
9456,0,0,0
9457,8,2,6
9458,7,5,2
9459,7,1,6
9460,14,8,6
9461,16,9,7
9462,17,8,9
9463,6,5,1
9464,8,7,1
9465,4,2,2
9466,3,1,2
9467,10,4,6
9468,10,7,3
9469,8,8,0
9470,10,8,2
9471,9,6,3
9472,3,1,2
9473,13,8,5
9474,6,6,0
9475,8,1,7
9476,5,1,4
9477,18,9,9
9478,10,9,1
9479,10,8,2
9480,7,6,1
9481,11,7,4
9482,6,0,6
9483,12,8,4
9484,4,4,0
9485,8,7,1
9486,10,2,8
9487,9,5,4
9488,3,0,3
9489,8,3,5
9490,10,9,1
9491,6,5,1
9492,3,0,3
9493,10,9,1
9494,0,0,0
9495,14,8,6
9496,3,1,2
9497,6,6,0
9498,2,2,0
9499,8,7,1
9500,12,5,7
9501,5,5,0
9502,7,6,1
9503,10,9,1
9504,10,9,1
9505,12,4,8
9506,10,6,4
9507,18,9,9
9508,6,0,6
9509,12,7,5
9510,8,8,0
9511,10,2,8
9512,18,9,9
9513,12,7,5
9514,10,5,5
9515,8,4,4
9516,12,3,9
9517,4,1,3
9518,0,0,0
9519,1,1,0
9520,6,3,3
9521,12,3,9
9522,13,7,6
9523,10,6,4
9524,12,5,7
9525,7,7,0
9526,7,3,4
9527,8,1,7
9528,2,0,2
9529,9,3,6
9530,12,5,7
9531,13,6,7
9532,10,1,9
9533,10,2,8
9534,15,6,9
9535,1,0,1
9536,6,0,6
9537,10,2,8
9538,7,0,7
9539,7,0,7
9540,2,0,2
9541,1,1,0
9542,3,1,2
9543,8,3,5
9544,6,3,3
9545,9,1,8
9546,7,6,1
9547,10,5,5
9548,7,5,2
9549,11,9,2
9550,3,2,1
9551,11,3,8
9552,13,9,4
9553,7,4,3
9554,14,7,7
9555,11,4,7
9556,7,3,4
9557,8,6,2
9558,14,6,8
9559,9,1,8
9560,9,5,4
9561,15,7,8
9562,4,1,3
9563,14,5,9
9564,12,9,3
9565,12,3,9
9566,9,6,3
9567,8,2,6
9568,4,0,4
9569,1,0,1
9570,7,2,5
9571,15,6,9
9572,12,3,9
9573,9,5,4
9574,9,2,7
9575,8,1,7
9576,9,6,3
9577,13,9,4
9578,14,8,6
9579,6,5,1
9580,14,9,5
9581,11,2,9
9582,8,5,3
9583,8,1,7
9584,2,2,0
9585,7,1,6
9586,17,9,8
9587,12,5,7
9588,3,2,1
9589,6,6,0
9590,16,7,9
9591,8,1,7
9592,3,0,3
9593,2,0,2
9594,7,4,3
9595,6,0,6
9596,15,6,9
9597,15,9,6
9598,15,7,8
9599,11,2,9
9600,0,0,0
9601,5,1,4
9602,14,5,9
9603,8,8,0
9604,0,0,0
9605,8,7,1
9606,12,5,7
9607,7,1,6
9608,9,9,0
9609,15,8,7
9610,11,4,7
9611,8,4,4
9612,10,8,2
9613,14,5,9
9614,1,1,0
9615,11,7,4
9616,10,7,3
9617,3,1,2
9618,5,0,5
9619,16,7,9
9620,10,8,2
9621,12,9,3
9622,10,1,9
9623,13,8,5
9624,9,9,0
9625,11,2,9
9626,11,7,4
9627,11,4,7
9628,9,9,0
9629,8,0,8
9630,15,6,9
9631,5,2,3
9632,9,9,0
9633,10,9,1
9634,11,5,6
9635,11,4,7
9636,4,4,0
9637,9,4,5
9638,3,0,3
9639,14,5,9
9640,4,4,0
9641,6,3,3
9642,9,0,9
9643,11,5,6
9644,12,8,4
9645,10,8,2
9646,9,3,6
9647,7,4,3
9648,10,8,2
9649,5,3,2
9650,6,6,0
9651,12,5,7
9652,8,7,1
9653,12,4,8
9654,15,8,7
9655,9,4,5
9656,6,1,5
9657,10,7,3
9658,0,0,0
9659,3,2,1
9660,10,3,7
9661,15,6,9
9662,9,6,3
9663,11,2,9
9664,12,8,4
9665,12,9,3
9666,5,2,3
9667,8,3,5
9668,7,0,7
9669,9,9,0
9670,14,6,8
9671,10,2,8
9672,6,1,5
9673,5,2,3
9674,6,0,6
9675,15,8,7
9676,5,2,3
9677,3,1,2
9678,10,2,8
9679,5,1,4
9680,8,6,2
9681,14,5,9
9682,11,9,2
9683,3,0,3
9684,2,1,1
9685,5,3,2
9686,4,4,0
9687,4,0,4
9688,13,8,5
9689,11,8,3
9690,14,6,8
9691,8,3,5
9692,10,7,3
9693,12,7,5
9694,9,5,4
9695,11,9,2
9696,15,9,6
9697,4,4,0
9698,9,7,2
9699,3,3,0
9700,8,3,5
9701,17,9,8
9702,3,1,2
9703,7,6,1
9704,11,2,9
9705,16,7,9
9706,13,8,5
9707,10,8,2
9708,4,0,4
9709,8,8,0
9710,14,9,5
9711,17,8,9
9712,6,6,0
9713,13,7,6
9714,15,9,6
9715,9,3,6
9716,10,9,1
9717,12,7,5
9718,7,2,5
9719,4,0,4
9720,5,4,1
9721,5,2,3
9722,5,5,0
9723,17,8,9
9724,11,7,4
9725,16,8,8
9726,10,3,7
9727,8,3,5
9728,16,9,7
9729,11,7,4
9730,9,5,4
9731,4,3,1
9732,6,4,2
9733,17,9,8
9734,4,1,3
9735,3,1,2
9736,12,5,7
9737,7,0,7
9738,8,5,3
9739,16,9,7
9740,3,0,3
9741,8,2,6
9742,11,8,3
9743,7,6,1
9744,10,9,1
9745,8,7,1
9746,4,0,4
9747,8,2,6
9748,5,0,5
9749,11,9,2
9750,8,0,8
9751,7,1,6
9752,2,0,2
9753,9,6,3
9754,9,2,7
9755,11,3,8
9756,10,6,4
9757,0,0,0
9758,5,4,1
9759,15,9,6
9760,13,9,4
9761,7,1,6
9762,9,6,3
9763,4,0,4
9764,2,1,1
9765,8,8,0
9766,17,9,8
9767,3,1,2
9768,7,2,5
9769,9,6,3
9770,10,9,1
9771,8,7,1
9772,0,0,0
9773,3,0,3
9774,5,0,5
9775,9,3,6
9776,7,6,1
9777,0,0,0
9778,12,5,7
9779,6,4,2
9780,14,6,8
9781,18,9,9
9782,9,4,5
9783,7,7,0
9784,2,2,0
9785,1,0,1
9786,10,4,6
9787,10,9,1
9788,16,9,7
9789,14,7,7
9790,8,3,5
9791,4,0,4
9792,13,6,7
9793,10,9,1
9794,12,8,4
9795,14,5,9
9796,14,6,8
9797,7,2,5
9798,15,7,8
9799,10,1,9
9800,5,4,1
9801,16,9,7
9802,3,2,1
9803,16,8,8
9804,7,5,2
9805,6,2,4
9806,7,3,4
9807,11,8,3
9808,4,1,3
9809,8,0,8
9810,4,4,0
9811,6,5,1
9812,10,2,8
9813,11,9,2
9814,14,9,5
9815,8,5,3
9816,13,6,7
9817,2,1,1
9818,15,8,7
9819,3,2,1
9820,6,2,4
9821,6,4,2
9822,10,5,5
9823,3,0,3
9824,11,2,9
9825,13,4,9
9826,6,1,5
9827,16,7,9
9828,7,3,4
9829,3,3,0
9830,15,8,7
9831,4,1,3
9832,3,3,0
9833,8,0,8
9834,9,3,6
9835,6,5,1
9836,7,6,1
9837,12,8,4
9838,13,8,5
9839,6,3,3
9840,13,6,7
9841,8,3,5
9842,9,5,4
9843,2,0,2
9844,13,9,4
9845,8,4,4
9846,9,6,3
9847,9,7,2
9848,6,1,5
9849,12,9,3
9850,16,9,7
9851,11,6,5
9852,12,7,5
9853,10,1,9
9854,5,1,4
9855,11,9,2
9856,11,9,2
9857,8,6,2
9858,12,6,6
9859,5,0,5
9860,8,6,2
9861,11,7,4
9862,15,7,8
9863,10,6,4
9864,2,0,2
9865,9,3,6
9866,0,0,0
9867,9,5,4
9868,13,7,6
9869,6,4,2
9870,13,9,4
9871,10,5,5
9872,5,4,1
9873,4,3,1
9874,8,8,0
9875,14,7,7
9876,10,9,1
9877,14,5,9
9878,17,8,9
9879,2,0,2
9880,17,8,9
9881,16,9,7
9882,5,0,5
9883,10,8,2
9884,3,1,2
9885,13,6,7
9886,7,6,1
9887,9,6,3
9888,9,6,3
9889,13,4,9
9890,11,4,7
9891,9,7,2
9892,3,1,2
9893,15,9,6
9894,14,5,9
9895,12,3,9
9896,11,2,9
9897,13,7,6
9898,11,9,2
9899,6,3,3
9900,12,6,6
9901,10,1,9
9902,0,0,0
9903,11,2,9
9904,5,4,1
9905,1,1,0
9906,10,1,9
9907,10,4,6
9908,9,6,3
9909,4,3,1
9910,3,0,3
9911,9,0,9
9912,14,5,9
9913,11,4,7
9914,15,9,6
9915,8,7,1
9916,7,1,6
9917,7,2,5
9918,7,4,3
9919,3,0,3
9920,6,3,3
9921,1,0,1
9922,15,6,9
9923,14,6,8
9924,8,1,7
9925,7,3,4
9926,3,1,2
9927,5,0,5
9928,2,2,0
9929,14,9,5
9930,10,9,1
9931,7,7,0
9932,17,8,9
9933,4,0,4
9934,16,7,9
9935,3,0,3
9936,10,3,7
9937,9,8,1
9938,0,0,0
9939,11,4,7
9940,12,7,5
9941,12,5,7
9942,16,7,9
9943,3,1,2
9944,9,8,1
9945,10,2,8
9946,6,6,0
9947,8,8,0
9948,15,9,6
9949,9,3,6
9950,12,9,3
9951,1,1,0
9952,10,3,7
9953,9,3,6
9954,8,1,7
9955,10,7,3
9956,9,0,9
9957,2,0,2
9958,10,4,6
9959,7,7,0
9960,8,6,2
9961,7,1,6
9962,6,3,3
9963,14,7,7
9964,6,1,5
9965,14,9,5
9966,15,6,9
9967,11,9,2
9968,12,7,5
9969,18,9,9
9970,10,3,7
9971,7,4,3
9972,10,2,8
9973,9,1,8
9974,12,4,8
9975,8,0,8
9976,10,5,5
9977,15,7,8
9978,7,7,0
9979,9,3,6
9980,14,8,6
9981,7,7,0
9982,8,1,7
9983,9,0,9
9984,12,9,3
9985,6,0,6
9986,8,6,2
9987,6,5,1
9988,5,3,2
9989,13,9,4
9990,10,9,1
9991,4,2,2
9992,8,2,6
9993,14,8,6
9994,5,4,1
9995,11,2,9
9996,14,9,5
9997,8,0,8
9998,12,7,5
9999,14,7,7
